0.3 38.1 0.3 0.3 5 "46%"
0.9 38.1 0.3 0.3 5 ""
1.5 38.1 0.3 0.3 5 ""
2.1 38.1 0.3 0.3 5 ""
2.7 38.1 0.3 0.3 5 ""
3.3 38.1 0.3 0.3 5 ""
3.9 38.1 0.3 0.3 5 ""
4.5 38.1 0.3 0.3 5 ""
0.3 37.5 0.3 0.3 5 ""
0.9 37.5 0.3 0.3 5 ""
1.5 37.5 0.3 0.3 5 ""
2.1 37.5 0.3 0.3 5 ""
2.7 37.5 0.3 0.3 5 ""
3.3 37.5 0.3 0.3 5 ""
3.9 37.5 0.3 0.3 5 ""
4.5 37.5 0.3 0.3 5 ""
0.3 36.9 0.3 0.3 5 ""
0.9 36.9 0.3 0.3 5 ""
1.5 36.9 0.3 0.3 5 ""
2.1 36.9 0.3 0.3 5 ""
2.7 36.9 0.3 0.3 5 ""
3.3 36.9 0.3 0.3 5 ""
3.9 36.9 0.3 0.3 5 ""
4.5 36.9 0.3 0.3 5 ""
0.3 36.3 0.3 0.3 5 ""
0.9 36.3 0.3 0.3 5 ""
1.5 36.3 0.3 0.3 5 ""
2.1 36.3 0.3 0.3 5 ""
2.7 36.3 0.3 0.3 5 ""
3.3 36.3 0.3 0.3 4 "50%"
3.9 36.3 0.3 0.3 4 ""
4.5 36.3 0.3 0.3 4 ""
0.3 35.7 0.3 0.3 4 ""
0.9 35.7 0.3 0.3 4 ""
1.5 35.7 0.3 0.3 4 ""
2.1 35.7 0.3 0.3 4 ""
2.7 35.7 0.3 0.3 4 ""
3.3 35.7 0.3 0.3 4 ""
3.9 35.7 0.3 0.3 4 ""
4.5 35.7 0.3 0.3 4 ""
0.3 35.1 0.3 0.3 4 ""
0.9 35.1 0.3 0.3 4 ""
1.5 35.1 0.3 0.3 4 ""
2.1 35.1 0.3 0.3 4 ""
2.7 35.1 0.3 0.3 4 ""
3.3 35.1 0.3 0.3 4 ""
3.9 35.1 0.3 0.3 4 ""
4.5 35.1 0.3 0.3 4 ""
0.3 34.5 0.3 0.3 4 ""
0.9 34.5 0.3 0.3 4 ""
1.5 34.5 0.3 0.3 4 ""
2.1 34.5 0.3 0.3 4 ""
2.7 34.5 0.3 0.3 4 ""
3.3 34.5 0.3 0.3 4 ""
3.9 34.5 0.3 0.3 4 ""
4.5 34.5 0.3 0.3 4 ""
0.3 33.9 0.3 0.3 4 ""
0.9 33.9 0.3 0.3 4 ""
1.5 33.9 0.3 0.3 4 ""
2.1 33.9 0.3 0.3 4 ""
2.7 33.9 0.3 0.3 4 ""
3.3 33.9 0.3 0.3 3 "4%"
3.9 33.9 0.3 0.3 3 ""
4.5 33.9 0.3 0.3 3 ""
5.1 38.1 0.3 0.3 5 "47%"
5.7 38.1 0.3 0.3 5 ""
6.3 38.1 0.3 0.3 5 ""
6.9 38.1 0.3 0.3 5 ""
7.5 38.1 0.3 0.3 5 ""
8.1 38.1 0.3 0.3 5 ""
8.7 38.1 0.3 0.3 5 ""
9.3 38.1 0.3 0.3 5 ""
5.1 37.5 0.3 0.3 5 ""
5.7 37.5 0.3 0.3 5 ""
6.3 37.5 0.3 0.3 5 ""
6.9 37.5 0.3 0.3 5 ""
7.5 37.5 0.3 0.3 5 ""
8.1 37.5 0.3 0.3 5 ""
8.7 37.5 0.3 0.3 5 ""
9.3 37.5 0.3 0.3 5 ""
5.1 36.9 0.3 0.3 5 ""
5.7 36.9 0.3 0.3 5 ""
6.3 36.9 0.3 0.3 5 ""
6.9 36.9 0.3 0.3 5 ""
7.5 36.9 0.3 0.3 5 ""
8.1 36.9 0.3 0.3 5 ""
8.7 36.9 0.3 0.3 5 ""
9.3 36.9 0.3 0.3 5 ""
5.1 36.3 0.3 0.3 5 ""
5.7 36.3 0.3 0.3 5 ""
6.3 36.3 0.3 0.3 5 ""
6.9 36.3 0.3 0.3 5 ""
7.5 36.3 0.3 0.3 5 ""
8.1 36.3 0.3 0.3 5 ""
8.7 36.3 0.3 0.3 4 "44%"
9.3 36.3 0.3 0.3 4 ""
5.1 35.7 0.3 0.3 4 ""
5.7 35.7 0.3 0.3 4 ""
6.3 35.7 0.3 0.3 4 ""
6.9 35.7 0.3 0.3 4 ""
7.5 35.7 0.3 0.3 4 ""
8.1 35.7 0.3 0.3 4 ""
8.7 35.7 0.3 0.3 4 ""
9.3 35.7 0.3 0.3 4 ""
5.1 35.1 0.3 0.3 4 ""
5.7 35.1 0.3 0.3 4 ""
6.3 35.1 0.3 0.3 4 ""
6.9 35.1 0.3 0.3 4 ""
7.5 35.1 0.3 0.3 4 ""
8.1 35.1 0.3 0.3 4 ""
8.7 35.1 0.3 0.3 4 ""
9.3 35.1 0.3 0.3 4 ""
5.1 34.5 0.3 0.3 4 ""
5.7 34.5 0.3 0.3 4 ""
6.3 34.5 0.3 0.3 4 ""
6.9 34.5 0.3 0.3 4 ""
7.5 34.5 0.3 0.3 4 ""
8.1 34.5 0.3 0.3 4 ""
8.7 34.5 0.3 0.3 4 ""
9.3 34.5 0.3 0.3 4 ""
5.1 33.9 0.3 0.3 4 ""
5.7 33.9 0.3 0.3 4 ""
6.3 33.9 0.3 0.3 3 "9%"
6.9 33.9 0.3 0.3 3 ""
7.5 33.9 0.3 0.3 3 ""
8.1 33.9 0.3 0.3 3 ""
8.7 33.9 0.3 0.3 3 ""
9.3 33.9 0.3 0.3 3 ""
9.9 38.1 0.3 0.3 5 "79%"
10.5 38.1 0.3 0.3 5 ""
11.1 38.1 0.3 0.3 5 ""
11.7 38.1 0.3 0.3 5 ""
12.3 38.1 0.3 0.3 5 ""
12.9 38.1 0.3 0.3 5 ""
13.5 38.1 0.3 0.3 5 ""
14.1 38.1 0.3 0.3 5 ""
9.9 37.5 0.3 0.3 5 ""
10.5 37.5 0.3 0.3 5 ""
11.1 37.5 0.3 0.3 5 ""
11.7 37.5 0.3 0.3 5 ""
12.3 37.5 0.3 0.3 5 ""
12.9 37.5 0.3 0.3 5 ""
13.5 37.5 0.3 0.3 5 ""
14.1 37.5 0.3 0.3 5 ""
9.9 36.9 0.3 0.3 5 ""
10.5 36.9 0.3 0.3 5 ""
11.1 36.9 0.3 0.3 5 ""
11.7 36.9 0.3 0.3 5 ""
12.3 36.9 0.3 0.3 5 ""
12.9 36.9 0.3 0.3 5 ""
13.5 36.9 0.3 0.3 5 ""
14.1 36.9 0.3 0.3 5 ""
9.9 36.3 0.3 0.3 5 ""
10.5 36.3 0.3 0.3 5 ""
11.1 36.3 0.3 0.3 5 ""
11.7 36.3 0.3 0.3 5 ""
12.3 36.3 0.3 0.3 5 ""
12.9 36.3 0.3 0.3 5 ""
13.5 36.3 0.3 0.3 5 ""
14.1 36.3 0.3 0.3 5 ""
9.9 35.7 0.3 0.3 5 ""
10.5 35.7 0.3 0.3 5 ""
11.1 35.7 0.3 0.3 5 ""
11.7 35.7 0.3 0.3 5 ""
12.3 35.7 0.3 0.3 5 ""
12.9 35.7 0.3 0.3 5 ""
13.5 35.7 0.3 0.3 5 ""
14.1 35.7 0.3 0.3 5 ""
9.9 35.1 0.3 0.3 5 ""
10.5 35.1 0.3 0.3 5 ""
11.1 35.1 0.3 0.3 5 ""
11.7 35.1 0.3 0.3 5 ""
12.3 35.1 0.3 0.3 5 ""
12.9 35.1 0.3 0.3 5 ""
13.5 35.1 0.3 0.3 5 ""
14.1 35.1 0.3 0.3 5 ""
9.9 34.5 0.3 0.3 5 ""
10.5 34.5 0.3 0.3 5 ""
11.1 34.5 0.3 0.3 5 ""
11.7 34.5 0.3 0.3 4 "21%"
12.3 34.5 0.3 0.3 4 ""
12.9 34.5 0.3 0.3 4 ""
13.5 34.5 0.3 0.3 4 ""
14.1 34.5 0.3 0.3 4 ""
9.9 33.9 0.3 0.3 4 ""
10.5 33.9 0.3 0.3 4 ""
11.1 33.9 0.3 0.3 4 ""
11.7 33.9 0.3 0.3 4 ""
12.3 33.9 0.3 0.3 4 ""
12.9 33.9 0.3 0.3 4 ""
13.5 33.9 0.3 0.3 4 ""
14.1 33.9 0.3 0.3 4 ""
14.7 38.1 0.3 0.3 5 "55%"
15.3 38.1 0.3 0.3 5 ""
15.9 38.1 0.3 0.3 5 ""
16.5 38.1 0.3 0.3 5 ""
17.1 38.1 0.3 0.3 5 ""
17.7 38.1 0.3 0.3 5 ""
18.3 38.1 0.3 0.3 5 ""
18.9 38.1 0.3 0.3 5 ""
14.7 37.5 0.3 0.3 5 ""
15.3 37.5 0.3 0.3 5 ""
15.9 37.5 0.3 0.3 5 ""
16.5 37.5 0.3 0.3 5 ""
17.1 37.5 0.3 0.3 5 ""
17.7 37.5 0.3 0.3 5 ""
18.3 37.5 0.3 0.3 5 ""
18.9 37.5 0.3 0.3 5 ""
14.7 36.9 0.3 0.3 5 ""
15.3 36.9 0.3 0.3 5 ""
15.9 36.9 0.3 0.3 5 ""
16.5 36.9 0.3 0.3 5 ""
17.1 36.9 0.3 0.3 5 ""
17.7 36.9 0.3 0.3 5 ""
18.3 36.9 0.3 0.3 5 ""
18.9 36.9 0.3 0.3 5 ""
14.7 36.3 0.3 0.3 5 ""
15.3 36.3 0.3 0.3 5 ""
15.9 36.3 0.3 0.3 5 ""
16.5 36.3 0.3 0.3 5 ""
17.1 36.3 0.3 0.3 5 ""
17.7 36.3 0.3 0.3 5 ""
18.3 36.3 0.3 0.3 5 ""
18.9 36.3 0.3 0.3 5 ""
14.7 35.7 0.3 0.3 5 ""
15.3 35.7 0.3 0.3 5 ""
15.9 35.7 0.3 0.3 5 ""
16.5 35.7 0.3 0.3 4 "45%"
17.1 35.7 0.3 0.3 4 ""
17.7 35.7 0.3 0.3 4 ""
18.3 35.7 0.3 0.3 4 ""
18.9 35.7 0.3 0.3 4 ""
14.7 35.1 0.3 0.3 4 ""
15.3 35.1 0.3 0.3 4 ""
15.9 35.1 0.3 0.3 4 ""
16.5 35.1 0.3 0.3 4 ""
17.1 35.1 0.3 0.3 4 ""
17.7 35.1 0.3 0.3 4 ""
18.3 35.1 0.3 0.3 4 ""
18.9 35.1 0.3 0.3 4 ""
14.7 34.5 0.3 0.3 4 ""
15.3 34.5 0.3 0.3 4 ""
15.9 34.5 0.3 0.3 4 ""
16.5 34.5 0.3 0.3 4 ""
17.1 34.5 0.3 0.3 4 ""
17.7 34.5 0.3 0.3 4 ""
18.3 34.5 0.3 0.3 4 ""
18.9 34.5 0.3 0.3 4 ""
14.7 33.9 0.3 0.3 4 ""
15.3 33.9 0.3 0.3 4 ""
15.9 33.9 0.3 0.3 4 ""
16.5 33.9 0.3 0.3 4 ""
17.1 33.9 0.3 0.3 4 ""
17.7 33.9 0.3 0.3 4 ""
18.3 33.9 0.3 0.3 4 ""
18.9 33.9 0.3 0.3 4 ""
0.3 33.3 0.3 0.3 5 "43%"
0.9 33.3 0.3 0.3 5 ""
1.5 33.3 0.3 0.3 5 ""
2.1 33.3 0.3 0.3 5 ""
2.7 33.3 0.3 0.3 5 ""
3.3 33.3 0.3 0.3 5 ""
3.9 33.3 0.3 0.3 5 ""
4.5 33.3 0.3 0.3 5 ""
0.3 32.7 0.3 0.3 5 ""
0.9 32.7 0.3 0.3 5 ""
1.5 32.7 0.3 0.3 5 ""
2.1 32.7 0.3 0.3 5 ""
2.7 32.7 0.3 0.3 5 ""
3.3 32.7 0.3 0.3 5 ""
3.9 32.7 0.3 0.3 5 ""
4.5 32.7 0.3 0.3 5 ""
0.3 32.1 0.3 0.3 5 ""
0.9 32.1 0.3 0.3 5 ""
1.5 32.1 0.3 0.3 5 ""
2.1 32.1 0.3 0.3 5 ""
2.7 32.1 0.3 0.3 5 ""
3.3 32.1 0.3 0.3 5 ""
3.9 32.1 0.3 0.3 5 ""
4.5 32.1 0.3 0.3 5 ""
0.3 31.5 0.3 0.3 5 ""
0.9 31.5 0.3 0.3 5 ""
1.5 31.5 0.3 0.3 5 ""
2.1 31.5 0.3 0.3 5 ""
2.7 31.5 0.3 0.3 4 "50%"
3.3 31.5 0.3 0.3 4 ""
3.9 31.5 0.3 0.3 4 ""
4.5 31.5 0.3 0.3 4 ""
0.3 30.9 0.3 0.3 4 ""
0.9 30.9 0.3 0.3 4 ""
1.5 30.9 0.3 0.3 4 ""
2.1 30.9 0.3 0.3 4 ""
2.7 30.9 0.3 0.3 4 ""
3.3 30.9 0.3 0.3 4 ""
3.9 30.9 0.3 0.3 4 ""
4.5 30.9 0.3 0.3 4 ""
0.3 30.3 0.3 0.3 4 ""
0.9 30.3 0.3 0.3 4 ""
1.5 30.3 0.3 0.3 4 ""
2.1 30.3 0.3 0.3 4 ""
2.7 30.3 0.3 0.3 4 ""
3.3 30.3 0.3 0.3 4 ""
3.9 30.3 0.3 0.3 4 ""
4.5 30.3 0.3 0.3 4 ""
0.3 29.7 0.3 0.3 4 ""
0.9 29.7 0.3 0.3 4 ""
1.5 29.7 0.3 0.3 4 ""
2.1 29.7 0.3 0.3 4 ""
2.7 29.7 0.3 0.3 4 ""
3.3 29.7 0.3 0.3 4 ""
3.9 29.7 0.3 0.3 4 ""
4.5 29.7 0.3 0.3 4 ""
0.3 29.1 0.3 0.3 4 ""
0.9 29.1 0.3 0.3 4 ""
1.5 29.1 0.3 0.3 4 ""
2.1 29.1 0.3 0.3 4 ""
2.7 29.1 0.3 0.3 3 "7%"
3.3 29.1 0.3 0.3 3 ""
3.9 29.1 0.3 0.3 3 ""
4.5 29.1 0.3 0.3 3 ""
5.1 33.3 0.3 0.3 5 "45%"
5.7 33.3 0.3 0.3 5 ""
6.3 33.3 0.3 0.3 5 ""
6.9 33.3 0.3 0.3 5 ""
7.5 33.3 0.3 0.3 5 ""
8.1 33.3 0.3 0.3 5 ""
8.7 33.3 0.3 0.3 5 ""
9.3 33.3 0.3 0.3 5 ""
5.1 32.7 0.3 0.3 5 ""
5.7 32.7 0.3 0.3 5 ""
6.3 32.7 0.3 0.3 5 ""
6.9 32.7 0.3 0.3 5 ""
7.5 32.7 0.3 0.3 5 ""
8.1 32.7 0.3 0.3 5 ""
8.7 32.7 0.3 0.3 5 ""
9.3 32.7 0.3 0.3 5 ""
5.1 32.1 0.3 0.3 5 ""
5.7 32.1 0.3 0.3 5 ""
6.3 32.1 0.3 0.3 5 ""
6.9 32.1 0.3 0.3 5 ""
7.5 32.1 0.3 0.3 5 ""
8.1 32.1 0.3 0.3 5 ""
8.7 32.1 0.3 0.3 5 ""
9.3 32.1 0.3 0.3 5 ""
5.1 31.5 0.3 0.3 5 ""
5.7 31.5 0.3 0.3 5 ""
6.3 31.5 0.3 0.3 5 ""
6.9 31.5 0.3 0.3 5 ""
7.5 31.5 0.3 0.3 5 ""
8.1 31.5 0.3 0.3 4 "41%"
8.7 31.5 0.3 0.3 4 ""
9.3 31.5 0.3 0.3 4 ""
5.1 30.9 0.3 0.3 4 ""
5.7 30.9 0.3 0.3 4 ""
6.3 30.9 0.3 0.3 4 ""
6.9 30.9 0.3 0.3 4 ""
7.5 30.9 0.3 0.3 4 ""
8.1 30.9 0.3 0.3 4 ""
8.7 30.9 0.3 0.3 4 ""
9.3 30.9 0.3 0.3 4 ""
5.1 30.3 0.3 0.3 4 ""
5.7 30.3 0.3 0.3 4 ""
6.3 30.3 0.3 0.3 4 ""
6.9 30.3 0.3 0.3 4 ""
7.5 30.3 0.3 0.3 4 ""
8.1 30.3 0.3 0.3 4 ""
8.7 30.3 0.3 0.3 4 ""
9.3 30.3 0.3 0.3 4 ""
5.1 29.7 0.3 0.3 4 ""
5.7 29.7 0.3 0.3 4 ""
6.3 29.7 0.3 0.3 4 ""
6.9 29.7 0.3 0.3 4 ""
7.5 29.7 0.3 0.3 4 ""
8.1 29.7 0.3 0.3 4 ""
8.7 29.7 0.3 0.3 4 ""
9.3 29.7 0.3 0.3 3 "14%"
5.1 29.1 0.3 0.3 3 ""
5.7 29.1 0.3 0.3 3 ""
6.3 29.1 0.3 0.3 3 ""
6.9 29.1 0.3 0.3 3 ""
7.5 29.1 0.3 0.3 3 ""
8.1 29.1 0.3 0.3 3 ""
8.7 29.1 0.3 0.3 3 ""
9.3 29.1 0.3 0.3 3 ""
9.9 33.3 0.3 0.3 5 "71%"
10.5 33.3 0.3 0.3 5 ""
11.1 33.3 0.3 0.3 5 ""
11.7 33.3 0.3 0.3 5 ""
12.3 33.3 0.3 0.3 5 ""
12.9 33.3 0.3 0.3 5 ""
13.5 33.3 0.3 0.3 5 ""
14.1 33.3 0.3 0.3 5 ""
9.9 32.7 0.3 0.3 5 ""
10.5 32.7 0.3 0.3 5 ""
11.1 32.7 0.3 0.3 5 ""
11.7 32.7 0.3 0.3 5 ""
12.3 32.7 0.3 0.3 5 ""
12.9 32.7 0.3 0.3 5 ""
13.5 32.7 0.3 0.3 5 ""
14.1 32.7 0.3 0.3 5 ""
9.9 32.1 0.3 0.3 5 ""
10.5 32.1 0.3 0.3 5 ""
11.1 32.1 0.3 0.3 5 ""
11.7 32.1 0.3 0.3 5 ""
12.3 32.1 0.3 0.3 5 ""
12.9 32.1 0.3 0.3 5 ""
13.5 32.1 0.3 0.3 5 ""
14.1 32.1 0.3 0.3 5 ""
9.9 31.5 0.3 0.3 5 ""
10.5 31.5 0.3 0.3 5 ""
11.1 31.5 0.3 0.3 5 ""
11.7 31.5 0.3 0.3 5 ""
12.3 31.5 0.3 0.3 5 ""
12.9 31.5 0.3 0.3 5 ""
13.5 31.5 0.3 0.3 5 ""
14.1 31.5 0.3 0.3 5 ""
9.9 30.9 0.3 0.3 5 ""
10.5 30.9 0.3 0.3 5 ""
11.1 30.9 0.3 0.3 5 ""
11.7 30.9 0.3 0.3 5 ""
12.3 30.9 0.3 0.3 5 ""
12.9 30.9 0.3 0.3 5 ""
13.5 30.9 0.3 0.3 5 ""
14.1 30.9 0.3 0.3 5 ""
9.9 30.3 0.3 0.3 5 ""
10.5 30.3 0.3 0.3 5 ""
11.1 30.3 0.3 0.3 5 ""
11.7 30.3 0.3 0.3 5 ""
12.3 30.3 0.3 0.3 5 ""
12.9 30.3 0.3 0.3 4 "29%"
13.5 30.3 0.3 0.3 4 ""
14.1 30.3 0.3 0.3 4 ""
9.9 29.7 0.3 0.3 4 ""
10.5 29.7 0.3 0.3 4 ""
11.1 29.7 0.3 0.3 4 ""
11.7 29.7 0.3 0.3 4 ""
12.3 29.7 0.3 0.3 4 ""
12.9 29.7 0.3 0.3 4 ""
13.5 29.7 0.3 0.3 4 ""
14.1 29.7 0.3 0.3 4 ""
9.9 29.1 0.3 0.3 4 ""
10.5 29.1 0.3 0.3 4 ""
11.1 29.1 0.3 0.3 4 ""
11.7 29.1 0.3 0.3 4 ""
12.3 29.1 0.3 0.3 4 ""
12.9 29.1 0.3 0.3 4 ""
13.5 29.1 0.3 0.3 4 ""
14.1 29.1 0.3 0.3 4 ""
14.7 33.3 0.3 0.3 5 "50%"
15.3 33.3 0.3 0.3 5 ""
15.9 33.3 0.3 0.3 5 ""
16.5 33.3 0.3 0.3 5 ""
17.1 33.3 0.3 0.3 5 ""
17.7 33.3 0.3 0.3 5 ""
18.3 33.3 0.3 0.3 5 ""
18.9 33.3 0.3 0.3 5 ""
14.7 32.7 0.3 0.3 5 ""
15.3 32.7 0.3 0.3 5 ""
15.9 32.7 0.3 0.3 5 ""
16.5 32.7 0.3 0.3 5 ""
17.1 32.7 0.3 0.3 5 ""
17.7 32.7 0.3 0.3 5 ""
18.3 32.7 0.3 0.3 5 ""
18.9 32.7 0.3 0.3 5 ""
14.7 32.1 0.3 0.3 5 ""
15.3 32.1 0.3 0.3 5 ""
15.9 32.1 0.3 0.3 5 ""
16.5 32.1 0.3 0.3 5 ""
17.1 32.1 0.3 0.3 5 ""
17.7 32.1 0.3 0.3 5 ""
18.3 32.1 0.3 0.3 5 ""
18.9 32.1 0.3 0.3 5 ""
14.7 31.5 0.3 0.3 5 ""
15.3 31.5 0.3 0.3 5 ""
15.9 31.5 0.3 0.3 5 ""
16.5 31.5 0.3 0.3 5 ""
17.1 31.5 0.3 0.3 5 ""
17.7 31.5 0.3 0.3 5 ""
18.3 31.5 0.3 0.3 5 ""
18.9 31.5 0.3 0.3 5 ""
14.7 30.9 0.3 0.3 4 "50%"
15.3 30.9 0.3 0.3 4 ""
15.9 30.9 0.3 0.3 4 ""
16.5 30.9 0.3 0.3 4 ""
17.1 30.9 0.3 0.3 4 ""
17.7 30.9 0.3 0.3 4 ""
18.3 30.9 0.3 0.3 4 ""
18.9 30.9 0.3 0.3 4 ""
14.7 30.3 0.3 0.3 4 ""
15.3 30.3 0.3 0.3 4 ""
15.9 30.3 0.3 0.3 4 ""
16.5 30.3 0.3 0.3 4 ""
17.1 30.3 0.3 0.3 4 ""
17.7 30.3 0.3 0.3 4 ""
18.3 30.3 0.3 0.3 4 ""
18.9 30.3 0.3 0.3 4 ""
14.7 29.7 0.3 0.3 4 ""
15.3 29.7 0.3 0.3 4 ""
15.9 29.7 0.3 0.3 4 ""
16.5 29.7 0.3 0.3 4 ""
17.1 29.7 0.3 0.3 4 ""
17.7 29.7 0.3 0.3 4 ""
18.3 29.7 0.3 0.3 4 ""
18.9 29.7 0.3 0.3 4 ""
14.7 29.1 0.3 0.3 4 ""
15.3 29.1 0.3 0.3 4 ""
15.9 29.1 0.3 0.3 4 ""
16.5 29.1 0.3 0.3 4 ""
17.1 29.1 0.3 0.3 4 ""
17.7 29.1 0.3 0.3 4 ""
18.3 29.1 0.3 0.3 4 ""
18.9 29.1 0.3 0.3 4 ""
0.3 28.5 0.3 0.3 5 "49%"
0.9 28.5 0.3 0.3 5 ""
1.5 28.5 0.3 0.3 5 ""
2.1 28.5 0.3 0.3 5 ""
2.7 28.5 0.3 0.3 5 ""
3.3 28.5 0.3 0.3 5 ""
3.9 28.5 0.3 0.3 5 ""
4.5 28.5 0.3 0.3 5 ""
0.3 27.9 0.3 0.3 5 ""
0.9 27.9 0.3 0.3 5 ""
1.5 27.9 0.3 0.3 5 ""
2.1 27.9 0.3 0.3 5 ""
2.7 27.9 0.3 0.3 5 ""
3.3 27.9 0.3 0.3 5 ""
3.9 27.9 0.3 0.3 5 ""
4.5 27.9 0.3 0.3 5 ""
0.3 27.3 0.3 0.3 5 ""
0.9 27.3 0.3 0.3 5 ""
1.5 27.3 0.3 0.3 5 ""
2.1 27.3 0.3 0.3 5 ""
2.7 27.3 0.3 0.3 5 ""
3.3 27.3 0.3 0.3 5 ""
3.9 27.3 0.3 0.3 5 ""
4.5 27.3 0.3 0.3 5 ""
0.3 26.7 0.3 0.3 5 ""
0.9 26.7 0.3 0.3 5 ""
1.5 26.7 0.3 0.3 5 ""
2.1 26.7 0.3 0.3 5 ""
2.7 26.7 0.3 0.3 5 ""
3.3 26.7 0.3 0.3 5 ""
3.9 26.7 0.3 0.3 5 ""
4.5 26.7 0.3 0.3 4 "46%"
0.3 26.1 0.3 0.3 4 ""
0.9 26.1 0.3 0.3 4 ""
1.5 26.1 0.3 0.3 4 ""
2.1 26.1 0.3 0.3 4 ""
2.7 26.1 0.3 0.3 4 ""
3.3 26.1 0.3 0.3 4 ""
3.9 26.1 0.3 0.3 4 ""
4.5 26.1 0.3 0.3 4 ""
0.3 25.5 0.3 0.3 4 ""
0.9 25.5 0.3 0.3 4 ""
1.5 25.5 0.3 0.3 4 ""
2.1 25.5 0.3 0.3 4 ""
2.7 25.5 0.3 0.3 4 ""
3.3 25.5 0.3 0.3 4 ""
3.9 25.5 0.3 0.3 4 ""
4.5 25.5 0.3 0.3 4 ""
0.3 24.9 0.3 0.3 4 ""
0.9 24.9 0.3 0.3 4 ""
1.5 24.9 0.3 0.3 4 ""
2.1 24.9 0.3 0.3 4 ""
2.7 24.9 0.3 0.3 4 ""
3.3 24.9 0.3 0.3 4 ""
3.9 24.9 0.3 0.3 4 ""
4.5 24.9 0.3 0.3 4 ""
0.3 24.3 0.3 0.3 4 ""
0.9 24.3 0.3 0.3 4 ""
1.5 24.3 0.3 0.3 4 ""
2.1 24.3 0.3 0.3 4 ""
2.7 24.3 0.3 0.3 3 "6%"
3.3 24.3 0.3 0.3 3 ""
3.9 24.3 0.3 0.3 3 ""
4.5 24.3 0.3 0.3 3 ""
5.1 28.5 0.3 0.3 5 "52%"
5.7 28.5 0.3 0.3 5 ""
6.3 28.5 0.3 0.3 5 ""
6.9 28.5 0.3 0.3 5 ""
7.5 28.5 0.3 0.3 5 ""
8.1 28.5 0.3 0.3 5 ""
8.7 28.5 0.3 0.3 5 ""
9.3 28.5 0.3 0.3 5 ""
5.1 27.9 0.3 0.3 5 ""
5.7 27.9 0.3 0.3 5 ""
6.3 27.9 0.3 0.3 5 ""
6.9 27.9 0.3 0.3 5 ""
7.5 27.9 0.3 0.3 5 ""
8.1 27.9 0.3 0.3 5 ""
8.7 27.9 0.3 0.3 5 ""
9.3 27.9 0.3 0.3 5 ""
5.1 27.3 0.3 0.3 5 ""
5.7 27.3 0.3 0.3 5 ""
6.3 27.3 0.3 0.3 5 ""
6.9 27.3 0.3 0.3 5 ""
7.5 27.3 0.3 0.3 5 ""
8.1 27.3 0.3 0.3 5 ""
8.7 27.3 0.3 0.3 5 ""
9.3 27.3 0.3 0.3 5 ""
5.1 26.7 0.3 0.3 5 ""
5.7 26.7 0.3 0.3 5 ""
6.3 26.7 0.3 0.3 5 ""
6.9 26.7 0.3 0.3 5 ""
7.5 26.7 0.3 0.3 5 ""
8.1 26.7 0.3 0.3 5 ""
8.7 26.7 0.3 0.3 5 ""
9.3 26.7 0.3 0.3 5 ""
5.1 26.1 0.3 0.3 5 ""
5.7 26.1 0.3 0.3 4 "38%"
6.3 26.1 0.3 0.3 4 ""
6.9 26.1 0.3 0.3 4 ""
7.5 26.1 0.3 0.3 4 ""
8.1 26.1 0.3 0.3 4 ""
8.7 26.1 0.3 0.3 4 ""
9.3 26.1 0.3 0.3 4 ""
5.1 25.5 0.3 0.3 4 ""
5.7 25.5 0.3 0.3 4 ""
6.3 25.5 0.3 0.3 4 ""
6.9 25.5 0.3 0.3 4 ""
7.5 25.5 0.3 0.3 4 ""
8.1 25.5 0.3 0.3 4 ""
8.7 25.5 0.3 0.3 4 ""
9.3 25.5 0.3 0.3 4 ""
5.1 24.9 0.3 0.3 4 ""
5.7 24.9 0.3 0.3 4 ""
6.3 24.9 0.3 0.3 4 ""
6.9 24.9 0.3 0.3 4 ""
7.5 24.9 0.3 0.3 4 ""
8.1 24.9 0.3 0.3 4 ""
8.7 24.9 0.3 0.3 4 ""
9.3 24.9 0.3 0.3 4 ""
5.1 24.3 0.3 0.3 4 ""
5.7 24.3 0.3 0.3 3 "10%"
6.3 24.3 0.3 0.3 3 ""
6.9 24.3 0.3 0.3 3 ""
7.5 24.3 0.3 0.3 3 ""
8.1 24.3 0.3 0.3 3 ""
8.7 24.3 0.3 0.3 3 ""
9.9 28.5 0.3 0.3 5 "41%"
10.5 28.5 0.3 0.3 5 ""
11.1 28.5 0.3 0.3 5 ""
11.7 28.5 0.3 0.3 5 ""
12.3 28.5 0.3 0.3 5 ""
12.9 28.5 0.3 0.3 5 ""
13.5 28.5 0.3 0.3 5 ""
14.1 28.5 0.3 0.3 5 ""
9.9 27.9 0.3 0.3 5 ""
10.5 27.9 0.3 0.3 5 ""
11.1 27.9 0.3 0.3 5 ""
11.7 27.9 0.3 0.3 5 ""
12.3 27.9 0.3 0.3 5 ""
12.9 27.9 0.3 0.3 5 ""
13.5 27.9 0.3 0.3 5 ""
14.1 27.9 0.3 0.3 5 ""
9.9 27.3 0.3 0.3 5 ""
10.5 27.3 0.3 0.3 5 ""
11.1 27.3 0.3 0.3 5 ""
11.7 27.3 0.3 0.3 5 ""
12.3 27.3 0.3 0.3 5 ""
12.9 27.3 0.3 0.3 5 ""
13.5 27.3 0.3 0.3 5 ""
14.1 27.3 0.3 0.3 5 ""
9.9 26.7 0.3 0.3 5 ""
10.5 26.7 0.3 0.3 5 ""
11.1 26.7 0.3 0.3 4 "53%"
11.7 26.7 0.3 0.3 4 ""
12.3 26.7 0.3 0.3 4 ""
12.9 26.7 0.3 0.3 4 ""
13.5 26.7 0.3 0.3 4 ""
14.1 26.7 0.3 0.3 4 ""
9.9 26.1 0.3 0.3 4 ""
10.5 26.1 0.3 0.3 4 ""
11.1 26.1 0.3 0.3 4 ""
11.7 26.1 0.3 0.3 4 ""
12.3 26.1 0.3 0.3 4 ""
12.9 26.1 0.3 0.3 4 ""
13.5 26.1 0.3 0.3 4 ""
14.1 26.1 0.3 0.3 4 ""
9.9 25.5 0.3 0.3 4 ""
10.5 25.5 0.3 0.3 4 ""
11.1 25.5 0.3 0.3 4 ""
11.7 25.5 0.3 0.3 4 ""
12.3 25.5 0.3 0.3 4 ""
12.9 25.5 0.3 0.3 4 ""
13.5 25.5 0.3 0.3 4 ""
14.1 25.5 0.3 0.3 4 ""
9.9 24.9 0.3 0.3 4 ""
10.5 24.9 0.3 0.3 4 ""
11.1 24.9 0.3 0.3 4 ""
11.7 24.9 0.3 0.3 4 ""
12.3 24.9 0.3 0.3 4 ""
12.9 24.9 0.3 0.3 4 ""
13.5 24.9 0.3 0.3 4 ""
14.1 24.9 0.3 0.3 4 ""
9.9 24.3 0.3 0.3 4 ""
10.5 24.3 0.3 0.3 4 ""
11.1 24.3 0.3 0.3 4 ""
11.7 24.3 0.3 0.3 4 ""
12.3 24.3 0.3 0.3 3 "6%"
12.9 24.3 0.3 0.3 3 ""
13.5 24.3 0.3 0.3 3 ""
14.1 24.3 0.3 0.3 3 ""
14.7 28.5 0.3 0.3 5 "53%"
15.3 28.5 0.3 0.3 5 ""
15.9 28.5 0.3 0.3 5 ""
16.5 28.5 0.3 0.3 5 ""
17.1 28.5 0.3 0.3 5 ""
17.7 28.5 0.3 0.3 5 ""
18.3 28.5 0.3 0.3 5 ""
18.9 28.5 0.3 0.3 5 ""
14.7 27.9 0.3 0.3 5 ""
15.3 27.9 0.3 0.3 5 ""
15.9 27.9 0.3 0.3 5 ""
16.5 27.9 0.3 0.3 5 ""
17.1 27.9 0.3 0.3 5 ""
17.7 27.9 0.3 0.3 5 ""
18.3 27.9 0.3 0.3 5 ""
18.9 27.9 0.3 0.3 5 ""
14.7 27.3 0.3 0.3 5 ""
15.3 27.3 0.3 0.3 5 ""
15.9 27.3 0.3 0.3 5 ""
16.5 27.3 0.3 0.3 5 ""
17.1 27.3 0.3 0.3 5 ""
17.7 27.3 0.3 0.3 5 ""
18.3 27.3 0.3 0.3 5 ""
18.9 27.3 0.3 0.3 5 ""
14.7 26.7 0.3 0.3 5 ""
15.3 26.7 0.3 0.3 5 ""
15.9 26.7 0.3 0.3 5 ""
16.5 26.7 0.3 0.3 5 ""
17.1 26.7 0.3 0.3 5 ""
17.7 26.7 0.3 0.3 5 ""
18.3 26.7 0.3 0.3 5 ""
18.9 26.7 0.3 0.3 5 ""
14.7 26.1 0.3 0.3 5 ""
15.3 26.1 0.3 0.3 5 ""
15.9 26.1 0.3 0.3 4 "47%"
16.5 26.1 0.3 0.3 4 ""
17.1 26.1 0.3 0.3 4 ""
17.7 26.1 0.3 0.3 4 ""
18.3 26.1 0.3 0.3 4 ""
18.9 26.1 0.3 0.3 4 ""
14.7 25.5 0.3 0.3 4 ""
15.3 25.5 0.3 0.3 4 ""
15.9 25.5 0.3 0.3 4 ""
16.5 25.5 0.3 0.3 4 ""
17.1 25.5 0.3 0.3 4 ""
17.7 25.5 0.3 0.3 4 ""
18.3 25.5 0.3 0.3 4 ""
18.9 25.5 0.3 0.3 4 ""
14.7 24.9 0.3 0.3 4 ""
15.3 24.9 0.3 0.3 4 ""
15.9 24.9 0.3 0.3 4 ""
16.5 24.9 0.3 0.3 4 ""
17.1 24.9 0.3 0.3 4 ""
17.7 24.9 0.3 0.3 4 ""
18.3 24.9 0.3 0.3 4 ""
18.9 24.9 0.3 0.3 4 ""
14.7 24.3 0.3 0.3 4 ""
15.3 24.3 0.3 0.3 4 ""
15.9 24.3 0.3 0.3 4 ""
16.5 24.3 0.3 0.3 4 ""
17.1 24.3 0.3 0.3 4 ""
17.7 24.3 0.3 0.3 4 ""
18.3 24.3 0.3 0.3 4 ""
18.9 24.3 0.3 0.3 4 ""
0.3 23.7 0.3 0.3 5 "46%"
0.9 23.7 0.3 0.3 5 ""
1.5 23.7 0.3 0.3 5 ""
2.1 23.7 0.3 0.3 5 ""
2.7 23.7 0.3 0.3 5 ""
3.3 23.7 0.3 0.3 5 ""
3.9 23.7 0.3 0.3 5 ""
4.5 23.7 0.3 0.3 5 ""
0.3 23.1 0.3 0.3 5 ""
0.9 23.1 0.3 0.3 5 ""
1.5 23.1 0.3 0.3 5 ""
2.1 23.1 0.3 0.3 5 ""
2.7 23.1 0.3 0.3 5 ""
3.3 23.1 0.3 0.3 5 ""
3.9 23.1 0.3 0.3 5 ""
4.5 23.1 0.3 0.3 5 ""
0.3 22.5 0.3 0.3 5 ""
0.9 22.5 0.3 0.3 5 ""
1.5 22.5 0.3 0.3 5 ""
2.1 22.5 0.3 0.3 5 ""
2.7 22.5 0.3 0.3 5 ""
3.3 22.5 0.3 0.3 5 ""
3.9 22.5 0.3 0.3 5 ""
4.5 22.5 0.3 0.3 5 ""
0.3 21.9 0.3 0.3 5 ""
0.9 21.9 0.3 0.3 5 ""
1.5 21.9 0.3 0.3 5 ""
2.1 21.9 0.3 0.3 5 ""
2.7 21.9 0.3 0.3 5 ""
3.3 21.9 0.3 0.3 4 "42%"
3.9 21.9 0.3 0.3 4 ""
4.5 21.9 0.3 0.3 4 ""
0.3 21.3 0.3 0.3 4 ""
0.9 21.3 0.3 0.3 4 ""
1.5 21.3 0.3 0.3 4 ""
2.1 21.3 0.3 0.3 4 ""
2.7 21.3 0.3 0.3 4 ""
3.3 21.3 0.3 0.3 4 ""
3.9 21.3 0.3 0.3 4 ""
4.5 21.3 0.3 0.3 4 ""
0.3 20.7 0.3 0.3 4 ""
0.9 20.7 0.3 0.3 4 ""
1.5 20.7 0.3 0.3 4 ""
2.1 20.7 0.3 0.3 4 ""
2.7 20.7 0.3 0.3 4 ""
3.3 20.7 0.3 0.3 4 ""
3.9 20.7 0.3 0.3 4 ""
4.5 20.7 0.3 0.3 4 ""
0.3 20.1 0.3 0.3 4 ""
0.9 20.1 0.3 0.3 4 ""
1.5 20.1 0.3 0.3 4 ""
2.1 20.1 0.3 0.3 4 ""
2.7 20.1 0.3 0.3 4 ""
3.3 20.1 0.3 0.3 4 ""
3.9 20.1 0.3 0.3 4 ""
4.5 20.1 0.3 0.3 4 ""
0.3 19.5 0.3 0.3 3 "13%"
0.9 19.5 0.3 0.3 3 ""
1.5 19.5 0.3 0.3 3 ""
2.1 19.5 0.3 0.3 3 ""
2.7 19.5 0.3 0.3 3 ""
3.3 19.5 0.3 0.3 3 ""
3.9 19.5 0.3 0.3 3 ""
4.5 19.5 0.3 0.3 3 ""
5.1 23.7 0.3 0.3 5 "50%"
5.7 23.7 0.3 0.3 5 ""
6.3 23.7 0.3 0.3 5 ""
6.9 23.7 0.3 0.3 5 ""
7.5 23.7 0.3 0.3 5 ""
8.1 23.7 0.3 0.3 5 ""
8.7 23.7 0.3 0.3 5 ""
9.3 23.7 0.3 0.3 5 ""
5.1 23.1 0.3 0.3 5 ""
5.7 23.1 0.3 0.3 5 ""
6.3 23.1 0.3 0.3 5 ""
6.9 23.1 0.3 0.3 5 ""
7.5 23.1 0.3 0.3 5 ""
8.1 23.1 0.3 0.3 5 ""
8.7 23.1 0.3 0.3 5 ""
9.3 23.1 0.3 0.3 5 ""
5.1 22.5 0.3 0.3 5 ""
5.7 22.5 0.3 0.3 5 ""
6.3 22.5 0.3 0.3 5 ""
6.9 22.5 0.3 0.3 5 ""
7.5 22.5 0.3 0.3 5 ""
8.1 22.5 0.3 0.3 5 ""
8.7 22.5 0.3 0.3 5 ""
9.3 22.5 0.3 0.3 5 ""
5.1 21.9 0.3 0.3 5 ""
5.7 21.9 0.3 0.3 5 ""
6.3 21.9 0.3 0.3 5 ""
6.9 21.9 0.3 0.3 5 ""
7.5 21.9 0.3 0.3 5 ""
8.1 21.9 0.3 0.3 5 ""
8.7 21.9 0.3 0.3 5 ""
9.3 21.9 0.3 0.3 5 ""
5.1 21.3 0.3 0.3 4 "45%"
5.7 21.3 0.3 0.3 4 ""
6.3 21.3 0.3 0.3 4 ""
6.9 21.3 0.3 0.3 4 ""
7.5 21.3 0.3 0.3 4 ""
8.1 21.3 0.3 0.3 4 ""
8.7 21.3 0.3 0.3 4 ""
9.3 21.3 0.3 0.3 4 ""
5.1 20.7 0.3 0.3 4 ""
5.7 20.7 0.3 0.3 4 ""
6.3 20.7 0.3 0.3 4 ""
6.9 20.7 0.3 0.3 4 ""
7.5 20.7 0.3 0.3 4 ""
8.1 20.7 0.3 0.3 4 ""
8.7 20.7 0.3 0.3 4 ""
9.3 20.7 0.3 0.3 4 ""
5.1 20.1 0.3 0.3 4 ""
5.7 20.1 0.3 0.3 4 ""
6.3 20.1 0.3 0.3 4 ""
6.9 20.1 0.3 0.3 4 ""
7.5 20.1 0.3 0.3 4 ""
8.1 20.1 0.3 0.3 4 ""
8.7 20.1 0.3 0.3 4 ""
9.3 20.1 0.3 0.3 4 ""
5.1 19.5 0.3 0.3 4 ""
5.7 19.5 0.3 0.3 4 ""
6.3 19.5 0.3 0.3 4 ""
6.9 19.5 0.3 0.3 4 ""
7.5 19.5 0.3 0.3 4 ""
8.1 19.5 0.3 0.3 3 "5%"
8.7 19.5 0.3 0.3 3 ""
9.3 19.5 0.3 0.3 3 ""
9.9 23.7 0.3 0.3 5 "58%"
10.5 23.7 0.3 0.3 5 ""
11.1 23.7 0.3 0.3 5 ""
11.7 23.7 0.3 0.3 5 ""
12.3 23.7 0.3 0.3 5 ""
12.9 23.7 0.3 0.3 5 ""
13.5 23.7 0.3 0.3 5 ""
14.1 23.7 0.3 0.3 5 ""
9.9 23.1 0.3 0.3 5 ""
10.5 23.1 0.3 0.3 5 ""
11.1 23.1 0.3 0.3 5 ""
11.7 23.1 0.3 0.3 5 ""
12.3 23.1 0.3 0.3 5 ""
12.9 23.1 0.3 0.3 5 ""
13.5 23.1 0.3 0.3 5 ""
14.1 23.1 0.3 0.3 5 ""
9.9 22.5 0.3 0.3 5 ""
10.5 22.5 0.3 0.3 5 ""
11.1 22.5 0.3 0.3 5 ""
11.7 22.5 0.3 0.3 5 ""
12.3 22.5 0.3 0.3 5 ""
12.9 22.5 0.3 0.3 5 ""
13.5 22.5 0.3 0.3 5 ""
14.1 22.5 0.3 0.3 5 ""
9.9 21.9 0.3 0.3 5 ""
10.5 21.9 0.3 0.3 5 ""
11.1 21.9 0.3 0.3 5 ""
11.7 21.9 0.3 0.3 5 ""
12.3 21.9 0.3 0.3 5 ""
12.9 21.9 0.3 0.3 5 ""
13.5 21.9 0.3 0.3 5 ""
14.1 21.9 0.3 0.3 5 ""
9.9 21.3 0.3 0.3 5 ""
10.5 21.3 0.3 0.3 5 ""
11.1 21.3 0.3 0.3 5 ""
11.7 21.3 0.3 0.3 5 ""
12.3 21.3 0.3 0.3 5 ""
12.9 21.3 0.3 0.3 4 "42%"
13.5 21.3 0.3 0.3 4 ""
14.1 21.3 0.3 0.3 4 ""
9.9 20.7 0.3 0.3 4 ""
10.5 20.7 0.3 0.3 4 ""
11.1 20.7 0.3 0.3 4 ""
11.7 20.7 0.3 0.3 4 ""
12.3 20.7 0.3 0.3 4 ""
12.9 20.7 0.3 0.3 4 ""
13.5 20.7 0.3 0.3 4 ""
14.1 20.7 0.3 0.3 4 ""
9.9 20.1 0.3 0.3 4 ""
10.5 20.1 0.3 0.3 4 ""
11.1 20.1 0.3 0.3 4 ""
11.7 20.1 0.3 0.3 4 ""
12.3 20.1 0.3 0.3 4 ""
12.9 20.1 0.3 0.3 4 ""
13.5 20.1 0.3 0.3 4 ""
14.1 20.1 0.3 0.3 4 ""
9.9 19.5 0.3 0.3 4 ""
10.5 19.5 0.3 0.3 4 ""
11.1 19.5 0.3 0.3 4 ""
11.7 19.5 0.3 0.3 4 ""
12.3 19.5 0.3 0.3 4 ""
12.9 19.5 0.3 0.3 4 ""
13.5 19.5 0.3 0.3 4 ""
14.1 19.5 0.3 0.3 4 ""
14.7 23.7 0.3 0.3 5 "47%"
15.3 23.7 0.3 0.3 5 ""
15.9 23.7 0.3 0.3 5 ""
16.5 23.7 0.3 0.3 5 ""
17.1 23.7 0.3 0.3 5 ""
17.7 23.7 0.3 0.3 5 ""
18.3 23.7 0.3 0.3 5 ""
18.9 23.7 0.3 0.3 5 ""
14.7 23.1 0.3 0.3 5 ""
15.3 23.1 0.3 0.3 5 ""
15.9 23.1 0.3 0.3 5 ""
16.5 23.1 0.3 0.3 5 ""
17.1 23.1 0.3 0.3 5 ""
17.7 23.1 0.3 0.3 5 ""
18.3 23.1 0.3 0.3 5 ""
18.9 23.1 0.3 0.3 5 ""
14.7 22.5 0.3 0.3 5 ""
15.3 22.5 0.3 0.3 5 ""
15.9 22.5 0.3 0.3 5 ""
16.5 22.5 0.3 0.3 5 ""
17.1 22.5 0.3 0.3 5 ""
17.7 22.5 0.3 0.3 5 ""
18.3 22.5 0.3 0.3 5 ""
18.9 22.5 0.3 0.3 5 ""
14.7 21.9 0.3 0.3 5 ""
15.3 21.9 0.3 0.3 5 ""
15.9 21.9 0.3 0.3 5 ""
16.5 21.9 0.3 0.3 5 ""
17.1 21.9 0.3 0.3 5 ""
17.7 21.9 0.3 0.3 5 ""
18.3 21.9 0.3 0.3 4 "50%"
18.9 21.9 0.3 0.3 4 ""
14.7 21.3 0.3 0.3 4 ""
15.3 21.3 0.3 0.3 4 ""
15.9 21.3 0.3 0.3 4 ""
16.5 21.3 0.3 0.3 4 ""
17.1 21.3 0.3 0.3 4 ""
17.7 21.3 0.3 0.3 4 ""
18.3 21.3 0.3 0.3 4 ""
18.9 21.3 0.3 0.3 4 ""
14.7 20.7 0.3 0.3 4 ""
15.3 20.7 0.3 0.3 4 ""
15.9 20.7 0.3 0.3 4 ""
16.5 20.7 0.3 0.3 4 ""
17.1 20.7 0.3 0.3 4 ""
17.7 20.7 0.3 0.3 4 ""
18.3 20.7 0.3 0.3 4 ""
18.9 20.7 0.3 0.3 4 ""
14.7 20.1 0.3 0.3 4 ""
15.3 20.1 0.3 0.3 4 ""
15.9 20.1 0.3 0.3 4 ""
16.5 20.1 0.3 0.3 4 ""
17.1 20.1 0.3 0.3 4 ""
17.7 20.1 0.3 0.3 4 ""
18.3 20.1 0.3 0.3 4 ""
18.9 20.1 0.3 0.3 4 ""
14.7 19.5 0.3 0.3 4 ""
15.3 19.5 0.3 0.3 4 ""
15.9 19.5 0.3 0.3 4 ""
16.5 19.5 0.3 0.3 4 ""
17.1 19.5 0.3 0.3 4 ""
17.7 19.5 0.3 0.3 4 ""
18.3 19.5 0.3 0.3 3 "3%"
18.9 19.5 0.3 0.3 3 ""
0.3 18.9 0.3 0.3 5 "36%"
0.9 18.9 0.3 0.3 5 ""
1.5 18.9 0.3 0.3 5 ""
2.1 18.9 0.3 0.3 5 ""
2.7 18.9 0.3 0.3 5 ""
3.3 18.9 0.3 0.3 5 ""
3.9 18.9 0.3 0.3 5 ""
4.5 18.9 0.3 0.3 5 ""
0.3 18.3 0.3 0.3 5 ""
0.9 18.3 0.3 0.3 5 ""
1.5 18.3 0.3 0.3 5 ""
2.1 18.3 0.3 0.3 5 ""
2.7 18.3 0.3 0.3 5 ""
3.3 18.3 0.3 0.3 5 ""
3.9 18.3 0.3 0.3 5 ""
4.5 18.3 0.3 0.3 5 ""
0.3 17.7 0.3 0.3 5 ""
0.9 17.7 0.3 0.3 5 ""
1.5 17.7 0.3 0.3 5 ""
2.1 17.7 0.3 0.3 5 ""
2.7 17.7 0.3 0.3 5 ""
3.3 17.7 0.3 0.3 5 ""
3.9 17.7 0.3 0.3 5 ""
4.5 17.7 0.3 0.3 4 "52%"
0.3 17.1 0.3 0.3 4 ""
0.9 17.1 0.3 0.3 4 ""
1.5 17.1 0.3 0.3 4 ""
2.1 17.1 0.3 0.3 4 ""
2.7 17.1 0.3 0.3 4 ""
3.3 17.1 0.3 0.3 4 ""
3.9 17.1 0.3 0.3 4 ""
4.5 17.1 0.3 0.3 4 ""
0.3 16.5 0.3 0.3 4 ""
0.9 16.5 0.3 0.3 4 ""
1.5 16.5 0.3 0.3 4 ""
2.1 16.5 0.3 0.3 4 ""
2.7 16.5 0.3 0.3 4 ""
3.3 16.5 0.3 0.3 4 ""
3.9 16.5 0.3 0.3 4 ""
4.5 16.5 0.3 0.3 4 ""
0.3 15.9 0.3 0.3 4 ""
0.9 15.9 0.3 0.3 4 ""
1.5 15.9 0.3 0.3 4 ""
2.1 15.9 0.3 0.3 4 ""
2.7 15.9 0.3 0.3 4 ""
3.3 15.9 0.3 0.3 4 ""
3.9 15.9 0.3 0.3 4 ""
4.5 15.9 0.3 0.3 4 ""
0.3 15.3 0.3 0.3 4 ""
0.9 15.3 0.3 0.3 4 ""
1.5 15.3 0.3 0.3 4 ""
2.1 15.3 0.3 0.3 4 ""
2.7 15.3 0.3 0.3 4 ""
3.3 15.3 0.3 0.3 4 ""
3.9 15.3 0.3 0.3 4 ""
4.5 15.3 0.3 0.3 4 ""
0.3 14.7 0.3 0.3 3 "12%"
0.9 14.7 0.3 0.3 3 ""
1.5 14.7 0.3 0.3 3 ""
2.1 14.7 0.3 0.3 3 ""
2.7 14.7 0.3 0.3 3 ""
3.3 14.7 0.3 0.3 3 ""
3.9 14.7 0.3 0.3 3 ""
4.5 14.7 0.3 0.3 3 ""
5.1 18.9 0.3 0.3 5 "43%"
5.7 18.9 0.3 0.3 5 ""
6.3 18.9 0.3 0.3 5 ""
6.9 18.9 0.3 0.3 5 ""
7.5 18.9 0.3 0.3 5 ""
8.1 18.9 0.3 0.3 5 ""
8.7 18.9 0.3 0.3 5 ""
9.3 18.9 0.3 0.3 5 ""
5.1 18.3 0.3 0.3 5 ""
5.7 18.3 0.3 0.3 5 ""
6.3 18.3 0.3 0.3 5 ""
6.9 18.3 0.3 0.3 5 ""
7.5 18.3 0.3 0.3 5 ""
8.1 18.3 0.3 0.3 5 ""
8.7 18.3 0.3 0.3 5 ""
9.3 18.3 0.3 0.3 5 ""
5.1 17.7 0.3 0.3 5 ""
5.7 17.7 0.3 0.3 5 ""
6.3 17.7 0.3 0.3 5 ""
6.9 17.7 0.3 0.3 5 ""
7.5 17.7 0.3 0.3 5 ""
8.1 17.7 0.3 0.3 5 ""
8.7 17.7 0.3 0.3 5 ""
9.3 17.7 0.3 0.3 5 ""
5.1 17.1 0.3 0.3 5 ""
5.7 17.1 0.3 0.3 5 ""
6.3 17.1 0.3 0.3 5 ""
6.9 17.1 0.3 0.3 5 ""
7.5 17.1 0.3 0.3 4 "43%"
8.1 17.1 0.3 0.3 4 ""
8.7 17.1 0.3 0.3 4 ""
9.3 17.1 0.3 0.3 4 ""
5.1 16.5 0.3 0.3 4 ""
5.7 16.5 0.3 0.3 4 ""
6.3 16.5 0.3 0.3 4 ""
6.9 16.5 0.3 0.3 4 ""
7.5 16.5 0.3 0.3 4 ""
8.1 16.5 0.3 0.3 4 ""
8.7 16.5 0.3 0.3 4 ""
9.3 16.5 0.3 0.3 4 ""
5.1 15.9 0.3 0.3 4 ""
5.7 15.9 0.3 0.3 4 ""
6.3 15.9 0.3 0.3 4 ""
6.9 15.9 0.3 0.3 4 ""
7.5 15.9 0.3 0.3 4 ""
8.1 15.9 0.3 0.3 4 ""
8.7 15.9 0.3 0.3 4 ""
9.3 15.9 0.3 0.3 4 ""
5.1 15.3 0.3 0.3 4 ""
5.7 15.3 0.3 0.3 4 ""
6.3 15.3 0.3 0.3 4 ""
6.9 15.3 0.3 0.3 4 ""
7.5 15.3 0.3 0.3 4 ""
8.1 15.3 0.3 0.3 4 ""
8.7 15.3 0.3 0.3 4 ""
9.3 15.3 0.3 0.3 4 ""
5.1 14.7 0.3 0.3 3 "14%"
5.7 14.7 0.3 0.3 3 ""
6.3 14.7 0.3 0.3 3 ""
6.9 14.7 0.3 0.3 3 ""
7.5 14.7 0.3 0.3 3 ""
8.1 14.7 0.3 0.3 3 ""
8.7 14.7 0.3 0.3 3 ""
9.3 14.7 0.3 0.3 3 ""
5.1 14.1 0.3 0.3 3 ""
9.9 18.9 0.3 0.3 5 "71%"
10.5 18.9 0.3 0.3 5 ""
11.1 18.9 0.3 0.3 5 ""
11.7 18.9 0.3 0.3 5 ""
12.3 18.9 0.3 0.3 5 ""
12.9 18.9 0.3 0.3 5 ""
13.5 18.9 0.3 0.3 5 ""
14.1 18.9 0.3 0.3 5 ""
9.9 18.3 0.3 0.3 5 ""
10.5 18.3 0.3 0.3 5 ""
11.1 18.3 0.3 0.3 5 ""
11.7 18.3 0.3 0.3 5 ""
12.3 18.3 0.3 0.3 5 ""
12.9 18.3 0.3 0.3 5 ""
13.5 18.3 0.3 0.3 5 ""
14.1 18.3 0.3 0.3 5 ""
9.9 17.7 0.3 0.3 5 ""
10.5 17.7 0.3 0.3 5 ""
11.1 17.7 0.3 0.3 5 ""
11.7 17.7 0.3 0.3 5 ""
12.3 17.7 0.3 0.3 5 ""
12.9 17.7 0.3 0.3 5 ""
13.5 17.7 0.3 0.3 5 ""
14.1 17.7 0.3 0.3 5 ""
9.9 17.1 0.3 0.3 5 ""
10.5 17.1 0.3 0.3 5 ""
11.1 17.1 0.3 0.3 5 ""
11.7 17.1 0.3 0.3 5 ""
12.3 17.1 0.3 0.3 5 ""
12.9 17.1 0.3 0.3 5 ""
13.5 17.1 0.3 0.3 5 ""
14.1 17.1 0.3 0.3 5 ""
9.9 16.5 0.3 0.3 5 ""
10.5 16.5 0.3 0.3 5 ""
11.1 16.5 0.3 0.3 5 ""
11.7 16.5 0.3 0.3 5 ""
12.3 16.5 0.3 0.3 5 ""
12.9 16.5 0.3 0.3 5 ""
13.5 16.5 0.3 0.3 5 ""
14.1 16.5 0.3 0.3 5 ""
9.9 15.9 0.3 0.3 5 ""
10.5 15.9 0.3 0.3 5 ""
11.1 15.9 0.3 0.3 5 ""
11.7 15.9 0.3 0.3 5 ""
12.3 15.9 0.3 0.3 5 ""
12.9 15.9 0.3 0.3 4 "29%"
13.5 15.9 0.3 0.3 4 ""
14.1 15.9 0.3 0.3 4 ""
9.9 15.3 0.3 0.3 4 ""
10.5 15.3 0.3 0.3 4 ""
11.1 15.3 0.3 0.3 4 ""
11.7 15.3 0.3 0.3 4 ""
12.3 15.3 0.3 0.3 4 ""
12.9 15.3 0.3 0.3 4 ""
13.5 15.3 0.3 0.3 4 ""
14.1 15.3 0.3 0.3 4 ""
9.9 14.7 0.3 0.3 4 ""
10.5 14.7 0.3 0.3 4 ""
11.1 14.7 0.3 0.3 4 ""
11.7 14.7 0.3 0.3 4 ""
12.3 14.7 0.3 0.3 4 ""
12.9 14.7 0.3 0.3 4 ""
13.5 14.7 0.3 0.3 4 ""
14.1 14.7 0.3 0.3 4 ""
14.7 18.9 0.3 0.3 5 "52%"
15.3 18.9 0.3 0.3 5 ""
15.9 18.9 0.3 0.3 5 ""
16.5 18.9 0.3 0.3 5 ""
17.1 18.9 0.3 0.3 5 ""
17.7 18.9 0.3 0.3 5 ""
18.3 18.9 0.3 0.3 5 ""
18.9 18.9 0.3 0.3 5 ""
14.7 18.3 0.3 0.3 5 ""
15.3 18.3 0.3 0.3 5 ""
15.9 18.3 0.3 0.3 5 ""
16.5 18.3 0.3 0.3 5 ""
17.1 18.3 0.3 0.3 5 ""
17.7 18.3 0.3 0.3 5 ""
18.3 18.3 0.3 0.3 5 ""
18.9 18.3 0.3 0.3 5 ""
14.7 17.7 0.3 0.3 5 ""
15.3 17.7 0.3 0.3 5 ""
15.9 17.7 0.3 0.3 5 ""
16.5 17.7 0.3 0.3 5 ""
17.1 17.7 0.3 0.3 5 ""
17.7 17.7 0.3 0.3 5 ""
18.3 17.7 0.3 0.3 5 ""
18.9 17.7 0.3 0.3 5 ""
14.7 17.1 0.3 0.3 5 ""
15.3 17.1 0.3 0.3 5 ""
15.9 17.1 0.3 0.3 5 ""
16.5 17.1 0.3 0.3 5 ""
17.1 17.1 0.3 0.3 5 ""
17.7 17.1 0.3 0.3 5 ""
18.3 17.1 0.3 0.3 5 ""
18.9 17.1 0.3 0.3 5 ""
14.7 16.5 0.3 0.3 5 ""
15.3 16.5 0.3 0.3 4 "48%"
15.9 16.5 0.3 0.3 4 ""
16.5 16.5 0.3 0.3 4 ""
17.1 16.5 0.3 0.3 4 ""
17.7 16.5 0.3 0.3 4 ""
18.3 16.5 0.3 0.3 4 ""
18.9 16.5 0.3 0.3 4 ""
14.7 15.9 0.3 0.3 4 ""
15.3 15.9 0.3 0.3 4 ""
15.9 15.9 0.3 0.3 4 ""
16.5 15.9 0.3 0.3 4 ""
17.1 15.9 0.3 0.3 4 ""
17.7 15.9 0.3 0.3 4 ""
18.3 15.9 0.3 0.3 4 ""
18.9 15.9 0.3 0.3 4 ""
14.7 15.3 0.3 0.3 4 ""
15.3 15.3 0.3 0.3 4 ""
15.9 15.3 0.3 0.3 4 ""
16.5 15.3 0.3 0.3 4 ""
17.1 15.3 0.3 0.3 4 ""
17.7 15.3 0.3 0.3 4 ""
18.3 15.3 0.3 0.3 4 ""
18.9 15.3 0.3 0.3 4 ""
14.7 14.7 0.3 0.3 4 ""
15.3 14.7 0.3 0.3 4 ""
15.9 14.7 0.3 0.3 4 ""
16.5 14.7 0.3 0.3 4 ""
17.1 14.7 0.3 0.3 4 ""
17.7 14.7 0.3 0.3 4 ""
18.3 14.7 0.3 0.3 4 ""
18.9 14.7 0.3 0.3 4 ""
0.3 14.1 0.3 0.3 5 "39%"
0.9 14.1 0.3 0.3 5 ""
1.5 14.1 0.3 0.3 5 ""
2.1 14.1 0.3 0.3 5 ""
2.7 14.1 0.3 0.3 5 ""
3.3 14.1 0.3 0.3 5 ""
3.9 14.1 0.3 0.3 5 ""
4.5 14.1 0.3 0.3 5 ""
0.3 13.5 0.3 0.3 5 ""
0.9 13.5 0.3 0.3 5 ""
1.5 13.5 0.3 0.3 5 ""
2.1 13.5 0.3 0.3 5 ""
2.7 13.5 0.3 0.3 5 ""
3.3 13.5 0.3 0.3 5 ""
3.9 13.5 0.3 0.3 5 ""
4.5 13.5 0.3 0.3 5 ""
0.3 12.9 0.3 0.3 5 ""
0.9 12.9 0.3 0.3 5 ""
1.5 12.9 0.3 0.3 5 ""
2.1 12.9 0.3 0.3 5 ""
2.7 12.9 0.3 0.3 5 ""
3.3 12.9 0.3 0.3 5 ""
3.9 12.9 0.3 0.3 5 ""
4.5 12.9 0.3 0.3 5 ""
0.3 12.3 0.3 0.3 5 ""
0.9 12.3 0.3 0.3 4 "57%"
1.5 12.3 0.3 0.3 4 ""
2.1 12.3 0.3 0.3 4 ""
2.7 12.3 0.3 0.3 4 ""
3.3 12.3 0.3 0.3 4 ""
3.9 12.3 0.3 0.3 4 ""
4.5 12.3 0.3 0.3 4 ""
0.3 11.7 0.3 0.3 4 ""
0.9 11.7 0.3 0.3 4 ""
1.5 11.7 0.3 0.3 4 ""
2.1 11.7 0.3 0.3 4 ""
2.7 11.7 0.3 0.3 4 ""
3.3 11.7 0.3 0.3 4 ""
3.9 11.7 0.3 0.3 4 ""
4.5 11.7 0.3 0.3 4 ""
0.3 11.1 0.3 0.3 4 ""
0.9 11.1 0.3 0.3 4 ""
1.5 11.1 0.3 0.3 4 ""
2.1 11.1 0.3 0.3 4 ""
2.7 11.1 0.3 0.3 4 ""
3.3 11.1 0.3 0.3 4 ""
3.9 11.1 0.3 0.3 4 ""
4.5 11.1 0.3 0.3 4 ""
0.3 10.5 0.3 0.3 4 ""
0.9 10.5 0.3 0.3 4 ""
1.5 10.5 0.3 0.3 4 ""
2.1 10.5 0.3 0.3 4 ""
2.7 10.5 0.3 0.3 4 ""
3.3 10.5 0.3 0.3 4 ""
3.9 10.5 0.3 0.3 4 ""
4.5 10.5 0.3 0.3 4 ""
0.3 9.9 0.3 0.3 4 ""
0.9 9.9 0.3 0.3 4 ""
1.5 9.9 0.3 0.3 4 ""
2.1 9.9 0.3 0.3 4 ""
2.7 9.9 0.3 0.3 4 ""
3.3 9.9 0.3 0.3 3 "4%"
3.9 9.9 0.3 0.3 3 ""
4.5 9.9 0.3 0.3 3 ""
5.1 14.1 0.3 0.3 5 "38%"
5.7 14.1 0.3 0.3 5 ""
6.3 14.1 0.3 0.3 5 ""
6.9 14.1 0.3 0.3 5 ""
7.5 14.1 0.3 0.3 5 ""
8.1 14.1 0.3 0.3 5 ""
8.7 14.1 0.3 0.3 5 ""
9.3 14.1 0.3 0.3 5 ""
5.1 13.5 0.3 0.3 5 ""
5.7 13.5 0.3 0.3 5 ""
6.3 13.5 0.3 0.3 5 ""
6.9 13.5 0.3 0.3 5 ""
7.5 13.5 0.3 0.3 5 ""
8.1 13.5 0.3 0.3 5 ""
8.7 13.5 0.3 0.3 5 ""
9.3 13.5 0.3 0.3 5 ""
5.1 12.9 0.3 0.3 5 ""
5.7 12.9 0.3 0.3 5 ""
6.3 12.9 0.3 0.3 5 ""
6.9 12.9 0.3 0.3 5 ""
7.5 12.9 0.3 0.3 5 ""
8.1 12.9 0.3 0.3 5 ""
8.7 12.9 0.3 0.3 5 ""
9.3 12.9 0.3 0.3 5 ""
5.1 12.3 0.3 0.3 4 "54%"
5.7 12.3 0.3 0.3 4 ""
6.3 12.3 0.3 0.3 4 ""
6.9 12.3 0.3 0.3 4 ""
7.5 12.3 0.3 0.3 4 ""
8.1 12.3 0.3 0.3 4 ""
8.7 12.3 0.3 0.3 4 ""
9.3 12.3 0.3 0.3 4 ""
5.1 11.7 0.3 0.3 4 ""
5.7 11.7 0.3 0.3 4 ""
6.3 11.7 0.3 0.3 4 ""
6.9 11.7 0.3 0.3 4 ""
7.5 11.7 0.3 0.3 4 ""
8.1 11.7 0.3 0.3 4 ""
8.7 11.7 0.3 0.3 4 ""
9.3 11.7 0.3 0.3 4 ""
5.1 11.1 0.3 0.3 4 ""
5.7 11.1 0.3 0.3 4 ""
6.3 11.1 0.3 0.3 4 ""
6.9 11.1 0.3 0.3 4 ""
7.5 11.1 0.3 0.3 4 ""
8.1 11.1 0.3 0.3 4 ""
8.7 11.1 0.3 0.3 4 ""
9.3 11.1 0.3 0.3 4 ""
5.1 10.5 0.3 0.3 4 ""
5.7 10.5 0.3 0.3 4 ""
6.3 10.5 0.3 0.3 4 ""
6.9 10.5 0.3 0.3 4 ""
7.5 10.5 0.3 0.3 4 ""
8.1 10.5 0.3 0.3 4 ""
8.7 10.5 0.3 0.3 4 ""
9.3 10.5 0.3 0.3 4 ""
5.1 9.9 0.3 0.3 4 ""
5.7 9.9 0.3 0.3 4 ""
6.3 9.9 0.3 0.3 4 ""
6.9 9.9 0.3 0.3 3 "8%"
7.5 9.9 0.3 0.3 3 ""
8.1 9.9 0.3 0.3 3 ""
8.7 9.9 0.3 0.3 3 ""
9.3 9.9 0.3 0.3 3 ""
9.9 14.1 0.3 0.3 5 "57%"
10.5 14.1 0.3 0.3 5 ""
11.1 14.1 0.3 0.3 5 ""
11.7 14.1 0.3 0.3 5 ""
12.3 14.1 0.3 0.3 5 ""
12.9 14.1 0.3 0.3 5 ""
13.5 14.1 0.3 0.3 5 ""
14.1 14.1 0.3 0.3 5 ""
9.9 13.5 0.3 0.3 5 ""
10.5 13.5 0.3 0.3 5 ""
11.1 13.5 0.3 0.3 5 ""
11.7 13.5 0.3 0.3 5 ""
12.3 13.5 0.3 0.3 5 ""
12.9 13.5 0.3 0.3 5 ""
13.5 13.5 0.3 0.3 5 ""
14.1 13.5 0.3 0.3 5 ""
9.9 12.9 0.3 0.3 5 ""
10.5 12.9 0.3 0.3 5 ""
11.1 12.9 0.3 0.3 5 ""
11.7 12.9 0.3 0.3 5 ""
12.3 12.9 0.3 0.3 5 ""
12.9 12.9 0.3 0.3 5 ""
13.5 12.9 0.3 0.3 5 ""
14.1 12.9 0.3 0.3 5 ""
9.9 12.3 0.3 0.3 5 ""
10.5 12.3 0.3 0.3 5 ""
11.1 12.3 0.3 0.3 5 ""
11.7 12.3 0.3 0.3 5 ""
12.3 12.3 0.3 0.3 5 ""
12.9 12.3 0.3 0.3 5 ""
13.5 12.3 0.3 0.3 5 ""
14.1 12.3 0.3 0.3 5 ""
9.9 11.7 0.3 0.3 5 ""
10.5 11.7 0.3 0.3 5 ""
11.1 11.7 0.3 0.3 5 ""
11.7 11.7 0.3 0.3 5 ""
12.3 11.7 0.3 0.3 4 "43%"
12.9 11.7 0.3 0.3 4 ""
13.5 11.7 0.3 0.3 4 ""
14.1 11.7 0.3 0.3 4 ""
9.9 11.1 0.3 0.3 4 ""
10.5 11.1 0.3 0.3 4 ""
11.1 11.1 0.3 0.3 4 ""
11.7 11.1 0.3 0.3 4 ""
12.3 11.1 0.3 0.3 4 ""
12.9 11.1 0.3 0.3 4 ""
13.5 11.1 0.3 0.3 4 ""
14.1 11.1 0.3 0.3 4 ""
9.9 10.5 0.3 0.3 4 ""
10.5 10.5 0.3 0.3 4 ""
11.1 10.5 0.3 0.3 4 ""
11.7 10.5 0.3 0.3 4 ""
12.3 10.5 0.3 0.3 4 ""
12.9 10.5 0.3 0.3 4 ""
13.5 10.5 0.3 0.3 4 ""
14.1 10.5 0.3 0.3 4 ""
9.9 9.9 0.3 0.3 4 ""
10.5 9.9 0.3 0.3 4 ""
11.1 9.9 0.3 0.3 4 ""
11.7 9.9 0.3 0.3 4 ""
12.3 9.9 0.3 0.3 4 ""
12.9 9.9 0.3 0.3 4 ""
13.5 9.9 0.3 0.3 4 ""
14.1 9.9 0.3 0.3 4 ""
14.7 14.1 0.3 0.3 5 "55%"
15.3 14.1 0.3 0.3 5 ""
15.9 14.1 0.3 0.3 5 ""
16.5 14.1 0.3 0.3 5 ""
17.1 14.1 0.3 0.3 5 ""
17.7 14.1 0.3 0.3 5 ""
18.3 14.1 0.3 0.3 5 ""
18.9 14.1 0.3 0.3 5 ""
14.7 13.5 0.3 0.3 5 ""
15.3 13.5 0.3 0.3 5 ""
15.9 13.5 0.3 0.3 5 ""
16.5 13.5 0.3 0.3 5 ""
17.1 13.5 0.3 0.3 5 ""
17.7 13.5 0.3 0.3 5 ""
18.3 13.5 0.3 0.3 5 ""
18.9 13.5 0.3 0.3 5 ""
14.7 12.9 0.3 0.3 5 ""
15.3 12.9 0.3 0.3 5 ""
15.9 12.9 0.3 0.3 5 ""
16.5 12.9 0.3 0.3 5 ""
17.1 12.9 0.3 0.3 5 ""
17.7 12.9 0.3 0.3 5 ""
18.3 12.9 0.3 0.3 5 ""
18.9 12.9 0.3 0.3 5 ""
14.7 12.3 0.3 0.3 5 ""
15.3 12.3 0.3 0.3 5 ""
15.9 12.3 0.3 0.3 5 ""
16.5 12.3 0.3 0.3 5 ""
17.1 12.3 0.3 0.3 5 ""
17.7 12.3 0.3 0.3 5 ""
18.3 12.3 0.3 0.3 5 ""
18.9 12.3 0.3 0.3 5 ""
14.7 11.7 0.3 0.3 5 ""
15.3 11.7 0.3 0.3 5 ""
15.9 11.7 0.3 0.3 5 ""
16.5 11.7 0.3 0.3 4 "39%"
17.1 11.7 0.3 0.3 4 ""
17.7 11.7 0.3 0.3 4 ""
18.3 11.7 0.3 0.3 4 ""
18.9 11.7 0.3 0.3 4 ""
14.7 11.1 0.3 0.3 4 ""
15.3 11.1 0.3 0.3 4 ""
15.9 11.1 0.3 0.3 4 ""
16.5 11.1 0.3 0.3 4 ""
17.1 11.1 0.3 0.3 4 ""
17.7 11.1 0.3 0.3 4 ""
18.3 11.1 0.3 0.3 4 ""
18.9 11.1 0.3 0.3 4 ""
14.7 10.5 0.3 0.3 4 ""
15.3 10.5 0.3 0.3 4 ""
15.9 10.5 0.3 0.3 4 ""
16.5 10.5 0.3 0.3 4 ""
17.1 10.5 0.3 0.3 4 ""
17.7 10.5 0.3 0.3 4 ""
18.3 10.5 0.3 0.3 4 ""
18.9 10.5 0.3 0.3 4 ""
14.7 9.9 0.3 0.3 4 ""
15.3 9.9 0.3 0.3 4 ""
15.9 9.9 0.3 0.3 4 ""
16.5 9.9 0.3 0.3 4 ""
17.1 9.9 0.3 0.3 3 "6%"
17.7 9.9 0.3 0.3 3 ""
18.3 9.9 0.3 0.3 3 ""
18.9 9.9 0.3 0.3 3 ""
0.3 9.3 0.3 0.3 5 "42%"
0.9 9.3 0.3 0.3 5 ""
1.5 9.3 0.3 0.3 5 ""
2.1 9.3 0.3 0.3 5 ""
2.7 9.3 0.3 0.3 5 ""
3.3 9.3 0.3 0.3 5 ""
3.9 9.3 0.3 0.3 5 ""
4.5 9.3 0.3 0.3 5 ""
0.3 8.7 0.3 0.3 5 ""
0.9 8.7 0.3 0.3 5 ""
1.5 8.7 0.3 0.3 5 ""
2.1 8.7 0.3 0.3 5 ""
2.7 8.7 0.3 0.3 5 ""
3.3 8.7 0.3 0.3 5 ""
3.9 8.7 0.3 0.3 5 ""
4.5 8.7 0.3 0.3 5 ""
0.3 8.1 0.3 0.3 5 ""
0.9 8.1 0.3 0.3 5 ""
1.5 8.1 0.3 0.3 5 ""
2.1 8.1 0.3 0.3 5 ""
2.7 8.1 0.3 0.3 5 ""
3.3 8.1 0.3 0.3 5 ""
3.9 8.1 0.3 0.3 5 ""
4.5 8.1 0.3 0.3 5 ""
0.3 7.5 0.3 0.3 5 ""
0.9 7.5 0.3 0.3 5 ""
1.5 7.5 0.3 0.3 5 ""
2.1 7.5 0.3 0.3 4 "53%"
2.7 7.5 0.3 0.3 4 ""
3.3 7.5 0.3 0.3 4 ""
3.9 7.5 0.3 0.3 4 ""
4.5 7.5 0.3 0.3 4 ""
0.3 6.9 0.3 0.3 4 ""
0.9 6.9 0.3 0.3 4 ""
1.5 6.9 0.3 0.3 4 ""
2.1 6.9 0.3 0.3 4 ""
2.7 6.9 0.3 0.3 4 ""
3.3 6.9 0.3 0.3 4 ""
3.9 6.9 0.3 0.3 4 ""
4.5 6.9 0.3 0.3 4 ""
0.3 6.3 0.3 0.3 4 ""
0.9 6.3 0.3 0.3 4 ""
1.5 6.3 0.3 0.3 4 ""
2.1 6.3 0.3 0.3 4 ""
2.7 6.3 0.3 0.3 4 ""
3.3 6.3 0.3 0.3 4 ""
3.9 6.3 0.3 0.3 4 ""
4.5 6.3 0.3 0.3 4 ""
0.3 5.7 0.3 0.3 4 ""
0.9 5.7 0.3 0.3 4 ""
1.5 5.7 0.3 0.3 4 ""
2.1 5.7 0.3 0.3 4 ""
2.7 5.7 0.3 0.3 4 ""
3.3 5.7 0.3 0.3 4 ""
3.9 5.7 0.3 0.3 4 ""
4.5 5.7 0.3 0.3 4 ""
0.3 5.1 0.3 0.3 4 ""
0.9 5.1 0.3 0.3 4 ""
1.5 5.1 0.3 0.3 4 ""
2.1 5.1 0.3 0.3 4 ""
2.7 5.1 0.3 0.3 4 ""
3.3 5.1 0.3 0.3 3 "5%"
3.9 5.1 0.3 0.3 3 ""
4.5 5.1 0.3 0.3 3 ""
5.1 9.3 0.3 0.3 5 "31%"
5.7 9.3 0.3 0.3 5 ""
6.3 9.3 0.3 0.3 5 ""
6.9 9.3 0.3 0.3 5 ""
7.5 9.3 0.3 0.3 5 ""
8.1 9.3 0.3 0.3 5 ""
8.7 9.3 0.3 0.3 5 ""
9.3 9.3 0.3 0.3 5 ""
5.1 8.7 0.3 0.3 5 ""
5.7 8.7 0.3 0.3 5 ""
6.3 8.7 0.3 0.3 5 ""
6.9 8.7 0.3 0.3 5 ""
7.5 8.7 0.3 0.3 5 ""
8.1 8.7 0.3 0.3 5 ""
8.7 8.7 0.3 0.3 5 ""
9.3 8.7 0.3 0.3 5 ""
5.1 8.1 0.3 0.3 5 ""
5.7 8.1 0.3 0.3 5 ""
6.3 8.1 0.3 0.3 5 ""
6.9 8.1 0.3 0.3 5 ""
7.5 8.1 0.3 0.3 4 "54%"
8.1 8.1 0.3 0.3 4 ""
8.7 8.1 0.3 0.3 4 ""
9.3 8.1 0.3 0.3 4 ""
5.1 7.5 0.3 0.3 4 ""
5.7 7.5 0.3 0.3 4 ""
6.3 7.5 0.3 0.3 4 ""
6.9 7.5 0.3 0.3 4 ""
7.5 7.5 0.3 0.3 4 ""
8.1 7.5 0.3 0.3 4 ""
8.7 7.5 0.3 0.3 4 ""
9.3 7.5 0.3 0.3 4 ""
5.1 6.9 0.3 0.3 4 ""
5.7 6.9 0.3 0.3 4 ""
6.3 6.9 0.3 0.3 4 ""
6.9 6.9 0.3 0.3 4 ""
7.5 6.9 0.3 0.3 4 ""
8.1 6.9 0.3 0.3 4 ""
8.7 6.9 0.3 0.3 4 ""
9.3 6.9 0.3 0.3 4 ""
5.1 6.3 0.3 0.3 4 ""
5.7 6.3 0.3 0.3 4 ""
6.3 6.3 0.3 0.3 4 ""
6.9 6.3 0.3 0.3 4 ""
7.5 6.3 0.3 0.3 4 ""
8.1 6.3 0.3 0.3 4 ""
8.7 6.3 0.3 0.3 4 ""
9.3 6.3 0.3 0.3 4 ""
5.1 5.7 0.3 0.3 4 ""
5.7 5.7 0.3 0.3 4 ""
6.3 5.7 0.3 0.3 4 ""
6.9 5.7 0.3 0.3 4 ""
7.5 5.7 0.3 0.3 4 ""
8.1 5.7 0.3 0.3 4 ""
8.7 5.7 0.3 0.3 4 ""
9.3 5.7 0.3 0.3 3 "15%"
5.1 5.1 0.3 0.3 3 ""
5.7 5.1 0.3 0.3 3 ""
6.3 5.1 0.3 0.3 3 ""
6.9 5.1 0.3 0.3 3 ""
7.5 5.1 0.3 0.3 3 ""
8.1 5.1 0.3 0.3 3 ""
8.7 5.1 0.3 0.3 3 ""
9.3 5.1 0.3 0.3 3 ""
5.1 4.5 0.3 0.3 3 ""
9.9 9.3 0.3 0.3 5 "50%"
10.5 9.3 0.3 0.3 5 ""
11.1 9.3 0.3 0.3 5 ""
11.7 9.3 0.3 0.3 5 ""
12.3 9.3 0.3 0.3 5 ""
12.9 9.3 0.3 0.3 5 ""
13.5 9.3 0.3 0.3 5 ""
14.1 9.3 0.3 0.3 5 ""
9.9 8.7 0.3 0.3 5 ""
10.5 8.7 0.3 0.3 5 ""
11.1 8.7 0.3 0.3 5 ""
11.7 8.7 0.3 0.3 5 ""
12.3 8.7 0.3 0.3 5 ""
12.9 8.7 0.3 0.3 5 ""
13.5 8.7 0.3 0.3 5 ""
14.1 8.7 0.3 0.3 5 ""
9.9 8.1 0.3 0.3 5 ""
10.5 8.1 0.3 0.3 5 ""
11.1 8.1 0.3 0.3 5 ""
11.7 8.1 0.3 0.3 5 ""
12.3 8.1 0.3 0.3 5 ""
12.9 8.1 0.3 0.3 5 ""
13.5 8.1 0.3 0.3 5 ""
14.1 8.1 0.3 0.3 5 ""
9.9 7.5 0.3 0.3 5 ""
10.5 7.5 0.3 0.3 5 ""
11.1 7.5 0.3 0.3 5 ""
11.7 7.5 0.3 0.3 5 ""
12.3 7.5 0.3 0.3 5 ""
12.9 7.5 0.3 0.3 5 ""
13.5 7.5 0.3 0.3 5 ""
14.1 7.5 0.3 0.3 5 ""
9.9 6.9 0.3 0.3 4 "46%"
10.5 6.9 0.3 0.3 4 ""
11.1 6.9 0.3 0.3 4 ""
11.7 6.9 0.3 0.3 4 ""
12.3 6.9 0.3 0.3 4 ""
12.9 6.9 0.3 0.3 4 ""
13.5 6.9 0.3 0.3 4 ""
14.1 6.9 0.3 0.3 4 ""
9.9 6.3 0.3 0.3 4 ""
10.5 6.3 0.3 0.3 4 ""
11.1 6.3 0.3 0.3 4 ""
11.7 6.3 0.3 0.3 4 ""
12.3 6.3 0.3 0.3 4 ""
12.9 6.3 0.3 0.3 4 ""
13.5 6.3 0.3 0.3 4 ""
14.1 6.3 0.3 0.3 4 ""
9.9 5.7 0.3 0.3 4 ""
10.5 5.7 0.3 0.3 4 ""
11.1 5.7 0.3 0.3 4 ""
11.7 5.7 0.3 0.3 4 ""
12.3 5.7 0.3 0.3 4 ""
12.9 5.7 0.3 0.3 4 ""
13.5 5.7 0.3 0.3 4 ""
14.1 5.7 0.3 0.3 4 ""
9.9 5.1 0.3 0.3 4 ""
10.5 5.1 0.3 0.3 4 ""
11.1 5.1 0.3 0.3 4 ""
11.7 5.1 0.3 0.3 4 ""
12.3 5.1 0.3 0.3 4 ""
12.9 5.1 0.3 0.3 3 "4%"
13.5 5.1 0.3 0.3 3 ""
14.1 5.1 0.3 0.3 3 ""
14.7 9.3 0.3 0.3 5 "59%"
15.3 9.3 0.3 0.3 5 ""
15.9 9.3 0.3 0.3 5 ""
16.5 9.3 0.3 0.3 5 ""
17.1 9.3 0.3 0.3 5 ""
17.7 9.3 0.3 0.3 5 ""
18.3 9.3 0.3 0.3 5 ""
18.9 9.3 0.3 0.3 5 ""
14.7 8.7 0.3 0.3 5 ""
15.3 8.7 0.3 0.3 5 ""
15.9 8.7 0.3 0.3 5 ""
16.5 8.7 0.3 0.3 5 ""
17.1 8.7 0.3 0.3 5 ""
17.7 8.7 0.3 0.3 5 ""
18.3 8.7 0.3 0.3 5 ""
18.9 8.7 0.3 0.3 5 ""
14.7 8.1 0.3 0.3 5 ""
15.3 8.1 0.3 0.3 5 ""
15.9 8.1 0.3 0.3 5 ""
16.5 8.1 0.3 0.3 5 ""
17.1 8.1 0.3 0.3 5 ""
17.7 8.1 0.3 0.3 5 ""
18.3 8.1 0.3 0.3 5 ""
18.9 8.1 0.3 0.3 5 ""
14.7 7.5 0.3 0.3 5 ""
15.3 7.5 0.3 0.3 5 ""
15.9 7.5 0.3 0.3 5 ""
16.5 7.5 0.3 0.3 5 ""
17.1 7.5 0.3 0.3 5 ""
17.7 7.5 0.3 0.3 5 ""
18.3 7.5 0.3 0.3 5 ""
18.9 7.5 0.3 0.3 5 ""
14.7 6.9 0.3 0.3 5 ""
15.3 6.9 0.3 0.3 5 ""
15.9 6.9 0.3 0.3 5 ""
16.5 6.9 0.3 0.3 5 ""
17.1 6.9 0.3 0.3 5 ""
17.7 6.9 0.3 0.3 5 ""
18.3 6.9 0.3 0.3 4 "38%"
18.9 6.9 0.3 0.3 4 ""
14.7 6.3 0.3 0.3 4 ""
15.3 6.3 0.3 0.3 4 ""
15.9 6.3 0.3 0.3 4 ""
16.5 6.3 0.3 0.3 4 ""
17.1 6.3 0.3 0.3 4 ""
17.7 6.3 0.3 0.3 4 ""
18.3 6.3 0.3 0.3 4 ""
18.9 6.3 0.3 0.3 4 ""
14.7 5.7 0.3 0.3 4 ""
15.3 5.7 0.3 0.3 4 ""
15.9 5.7 0.3 0.3 4 ""
16.5 5.7 0.3 0.3 4 ""
17.1 5.7 0.3 0.3 4 ""
17.7 5.7 0.3 0.3 4 ""
18.3 5.7 0.3 0.3 4 ""
18.9 5.7 0.3 0.3 4 ""
14.7 5.1 0.3 0.3 4 ""
15.3 5.1 0.3 0.3 4 ""
15.9 5.1 0.3 0.3 4 ""
16.5 5.1 0.3 0.3 4 ""
17.1 5.1 0.3 0.3 4 ""
17.7 5.1 0.3 0.3 4 ""
18.3 5.1 0.3 0.3 3 "3%"
18.9 5.1 0.3 0.3 3 ""
0.3 4.5 0.3 0.3 5 "31%"
0.9 4.5 0.3 0.3 5 ""
1.5 4.5 0.3 0.3 5 ""
2.1 4.5 0.3 0.3 5 ""
2.7 4.5 0.3 0.3 5 ""
3.3 4.5 0.3 0.3 5 ""
3.9 4.5 0.3 0.3 5 ""
4.5 4.5 0.3 0.3 5 ""
0.3 3.9 0.3 0.3 5 ""
0.9 3.9 0.3 0.3 5 ""
1.5 3.9 0.3 0.3 5 ""
2.1 3.9 0.3 0.3 5 ""
2.7 3.9 0.3 0.3 5 ""
3.3 3.9 0.3 0.3 5 ""
3.9 3.9 0.3 0.3 5 ""
4.5 3.9 0.3 0.3 5 ""
0.3 3.3 0.3 0.3 5 ""
0.9 3.3 0.3 0.3 5 ""
1.5 3.3 0.3 0.3 5 ""
2.1 3.3 0.3 0.3 5 ""
2.7 3.3 0.3 0.3 4 "69%"
3.3 3.3 0.3 0.3 4 ""
3.9 3.3 0.3 0.3 4 ""
4.5 3.3 0.3 0.3 4 ""
0.3 2.7 0.3 0.3 4 ""
0.9 2.7 0.3 0.3 4 ""
1.5 2.7 0.3 0.3 4 ""
2.1 2.7 0.3 0.3 4 ""
2.7 2.7 0.3 0.3 4 ""
3.3 2.7 0.3 0.3 4 ""
3.9 2.7 0.3 0.3 4 ""
4.5 2.7 0.3 0.3 4 ""
0.3 2.1 0.3 0.3 4 ""
0.9 2.1 0.3 0.3 4 ""
1.5 2.1 0.3 0.3 4 ""
2.1 2.1 0.3 0.3 4 ""
2.7 2.1 0.3 0.3 4 ""
3.3 2.1 0.3 0.3 4 ""
3.9 2.1 0.3 0.3 4 ""
4.5 2.1 0.3 0.3 4 ""
0.3 1.5 0.3 0.3 4 ""
0.9 1.5 0.3 0.3 4 ""
1.5 1.5 0.3 0.3 4 ""
2.1 1.5 0.3 0.3 4 ""
2.7 1.5 0.3 0.3 4 ""
3.3 1.5 0.3 0.3 4 ""
3.9 1.5 0.3 0.3 4 ""
4.5 1.5 0.3 0.3 4 ""
0.3 0.9 0.3 0.3 4 ""
0.9 0.9 0.3 0.3 4 ""
1.5 0.9 0.3 0.3 4 ""
2.1 0.9 0.3 0.3 4 ""
2.7 0.9 0.3 0.3 4 ""
3.3 0.9 0.3 0.3 4 ""
3.9 0.9 0.3 0.3 4 ""
4.5 0.9 0.3 0.3 4 ""
0.3 0.3 0.3 0.3 4 ""
0.9 0.3 0.3 0.3 4 ""
1.5 0.3 0.3 0.3 4 ""
2.1 0.3 0.3 0.3 4 ""
2.7 0.3 0.3 0.3 4 ""
3.3 0.3 0.3 0.3 4 ""
3.9 0.3 0.3 0.3 4 ""
4.5 0.3 0.3 0.3 4 ""
5.1 4.5 0.3 0.3 5 "25%"
5.7 4.5 0.3 0.3 5 ""
6.3 4.5 0.3 0.3 5 ""
6.9 4.5 0.3 0.3 5 ""
7.5 4.5 0.3 0.3 5 ""
8.1 4.5 0.3 0.3 5 ""
8.7 4.5 0.3 0.3 5 ""
9.3 4.5 0.3 0.3 5 ""
5.1 3.9 0.3 0.3 5 ""
5.7 3.9 0.3 0.3 5 ""
6.3 3.9 0.3 0.3 5 ""
6.9 3.9 0.3 0.3 5 ""
7.5 3.9 0.3 0.3 5 ""
8.1 3.9 0.3 0.3 5 ""
8.7 3.9 0.3 0.3 5 ""
9.3 3.9 0.3 0.3 5 ""
5.1 3.3 0.3 0.3 4 "67%"
5.7 3.3 0.3 0.3 4 ""
6.3 3.3 0.3 0.3 4 ""
6.9 3.3 0.3 0.3 4 ""
7.5 3.3 0.3 0.3 4 ""
8.1 3.3 0.3 0.3 4 ""
8.7 3.3 0.3 0.3 4 ""
9.3 3.3 0.3 0.3 4 ""
5.1 2.7 0.3 0.3 4 ""
5.7 2.7 0.3 0.3 4 ""
6.3 2.7 0.3 0.3 4 ""
6.9 2.7 0.3 0.3 4 ""
7.5 2.7 0.3 0.3 4 ""
8.1 2.7 0.3 0.3 4 ""
8.7 2.7 0.3 0.3 4 ""
9.3 2.7 0.3 0.3 4 ""
5.1 2.1 0.3 0.3 4 ""
5.7 2.1 0.3 0.3 4 ""
6.3 2.1 0.3 0.3 4 ""
6.9 2.1 0.3 0.3 4 ""
7.5 2.1 0.3 0.3 4 ""
8.1 2.1 0.3 0.3 4 ""
8.7 2.1 0.3 0.3 4 ""
9.3 2.1 0.3 0.3 4 ""
5.1 1.5 0.3 0.3 4 ""
5.7 1.5 0.3 0.3 4 ""
6.3 1.5 0.3 0.3 4 ""
6.9 1.5 0.3 0.3 4 ""
7.5 1.5 0.3 0.3 4 ""
8.1 1.5 0.3 0.3 4 ""
8.7 1.5 0.3 0.3 4 ""
9.3 1.5 0.3 0.3 4 ""
5.1 0.9 0.3 0.3 4 ""
5.7 0.9 0.3 0.3 4 ""
6.3 0.9 0.3 0.3 4 ""
6.9 0.9 0.3 0.3 4 ""
7.5 0.9 0.3 0.3 4 ""
8.1 0.9 0.3 0.3 4 ""
8.7 0.9 0.3 0.3 4 ""
9.3 0.9 0.3 0.3 4 ""
5.1 0.3 0.3 0.3 4 ""
5.7 0.3 0.3 0.3 4 ""
6.3 0.3 0.3 0.3 4 ""
6.9 0.3 0.3 0.3 3 "8%"
7.5 0.3 0.3 0.3 3 ""
8.1 0.3 0.3 0.3 3 ""
8.7 0.3 0.3 0.3 3 ""
9.3 0.3 0.3 0.3 3 ""
9.9 4.5 0.3 0.3 5 "61%"
10.5 4.5 0.3 0.3 5 ""
11.1 4.5 0.3 0.3 5 ""
11.7 4.5 0.3 0.3 5 ""
12.3 4.5 0.3 0.3 5 ""
12.9 4.5 0.3 0.3 5 ""
13.5 4.5 0.3 0.3 5 ""
14.1 4.5 0.3 0.3 5 ""
9.9 3.9 0.3 0.3 5 ""
10.5 3.9 0.3 0.3 5 ""
11.1 3.9 0.3 0.3 5 ""
11.7 3.9 0.3 0.3 5 ""
12.3 3.9 0.3 0.3 5 ""
12.9 3.9 0.3 0.3 5 ""
13.5 3.9 0.3 0.3 5 ""
14.1 3.9 0.3 0.3 5 ""
9.9 3.3 0.3 0.3 5 ""
10.5 3.3 0.3 0.3 5 ""
11.1 3.3 0.3 0.3 5 ""
11.7 3.3 0.3 0.3 5 ""
12.3 3.3 0.3 0.3 5 ""
12.9 3.3 0.3 0.3 5 ""
13.5 3.3 0.3 0.3 5 ""
14.1 3.3 0.3 0.3 5 ""
9.9 2.7 0.3 0.3 5 ""
10.5 2.7 0.3 0.3 5 ""
11.1 2.7 0.3 0.3 5 ""
11.7 2.7 0.3 0.3 5 ""
12.3 2.7 0.3 0.3 5 ""
12.9 2.7 0.3 0.3 5 ""
13.5 2.7 0.3 0.3 5 ""
14.1 2.7 0.3 0.3 5 ""
9.9 2.1 0.3 0.3 5 ""
10.5 2.1 0.3 0.3 5 ""
11.1 2.1 0.3 0.3 5 ""
11.7 2.1 0.3 0.3 5 ""
12.3 2.1 0.3 0.3 5 ""
12.9 2.1 0.3 0.3 5 ""
13.5 2.1 0.3 0.3 5 ""
14.1 2.1 0.3 0.3 4 "35%"
9.9 1.5 0.3 0.3 4 ""
10.5 1.5 0.3 0.3 4 ""
11.1 1.5 0.3 0.3 4 ""
11.7 1.5 0.3 0.3 4 ""
12.3 1.5 0.3 0.3 4 ""
12.9 1.5 0.3 0.3 4 ""
13.5 1.5 0.3 0.3 4 ""
14.1 1.5 0.3 0.3 4 ""
9.9 0.9 0.3 0.3 4 ""
10.5 0.9 0.3 0.3 4 ""
11.1 0.9 0.3 0.3 4 ""
11.7 0.9 0.3 0.3 4 ""
12.3 0.9 0.3 0.3 4 ""
12.9 0.9 0.3 0.3 4 ""
13.5 0.9 0.3 0.3 4 ""
14.1 0.9 0.3 0.3 4 ""
9.9 0.3 0.3 0.3 4 ""
10.5 0.3 0.3 0.3 4 ""
11.1 0.3 0.3 0.3 4 ""
11.7 0.3 0.3 0.3 4 ""
12.3 0.3 0.3 0.3 4 ""
12.9 0.3 0.3 0.3 3 "3%"
13.5 0.3 0.3 0.3 3 ""
14.7 4.5 0.3 0.3 5 "58%"
15.3 4.5 0.3 0.3 5 ""
15.9 4.5 0.3 0.3 5 ""
16.5 4.5 0.3 0.3 5 ""
17.1 4.5 0.3 0.3 5 ""
17.7 4.5 0.3 0.3 5 ""
18.3 4.5 0.3 0.3 5 ""
18.9 4.5 0.3 0.3 5 ""
14.7 3.9 0.3 0.3 5 ""
15.3 3.9 0.3 0.3 5 ""
15.9 3.9 0.3 0.3 5 ""
16.5 3.9 0.3 0.3 5 ""
17.1 3.9 0.3 0.3 5 ""
17.7 3.9 0.3 0.3 5 ""
18.3 3.9 0.3 0.3 5 ""
18.9 3.9 0.3 0.3 5 ""
14.7 3.3 0.3 0.3 5 ""
15.3 3.3 0.3 0.3 5 ""
15.9 3.3 0.3 0.3 5 ""
16.5 3.3 0.3 0.3 5 ""
17.1 3.3 0.3 0.3 5 ""
17.7 3.3 0.3 0.3 5 ""
18.3 3.3 0.3 0.3 5 ""
18.9 3.3 0.3 0.3 5 ""
14.7 2.7 0.3 0.3 5 ""
15.3 2.7 0.3 0.3 5 ""
15.9 2.7 0.3 0.3 5 ""
16.5 2.7 0.3 0.3 5 ""
17.1 2.7 0.3 0.3 5 ""
17.7 2.7 0.3 0.3 5 ""
18.3 2.7 0.3 0.3 5 ""
18.9 2.7 0.3 0.3 5 ""
14.7 2.1 0.3 0.3 5 ""
15.3 2.1 0.3 0.3 5 ""
15.9 2.1 0.3 0.3 5 ""
16.5 2.1 0.3 0.3 5 ""
17.1 2.1 0.3 0.3 5 ""
17.7 2.1 0.3 0.3 4 "32%"
18.3 2.1 0.3 0.3 4 ""
18.9 2.1 0.3 0.3 4 ""
14.7 1.5 0.3 0.3 4 ""
15.3 1.5 0.3 0.3 4 ""
15.9 1.5 0.3 0.3 4 ""
16.5 1.5 0.3 0.3 4 ""
17.1 1.5 0.3 0.3 4 ""
17.7 1.5 0.3 0.3 4 ""
18.3 1.5 0.3 0.3 4 ""
18.9 1.5 0.3 0.3 4 ""
14.7 0.9 0.3 0.3 4 ""
15.3 0.9 0.3 0.3 4 ""
15.9 0.9 0.3 0.3 4 ""
16.5 0.9 0.3 0.3 4 ""
17.1 0.9 0.3 0.3 4 ""
17.7 0.9 0.3 0.3 4 ""
18.3 0.9 0.3 0.3 4 ""
18.9 0.9 0.3 0.3 4 ""
14.7 0.3 0.3 0.3 4 ""
15.3 0.3 0.3 0.3 3 "10%"
15.9 0.3 0.3 0.3 3 ""
16.5 0.3 0.3 0.3 3 ""
17.1 0.3 0.3 0.3 3 ""
17.7 0.3 0.3 0.3 3 ""
18.3 0.3 0.3 0.3 3 ""
