0.3 38.1 0.3 0.3 5 1 2019-01-01 2019-07-02
0.9 38.1 0.3 0.3 5 2 2019-01-01 2019-07-02
1.5 38.1 0.3 0.3 5 3 2019-01-01 2019-07-02
2.1 38.1 0.3 0.3 5 4 2019-01-01 2019-07-02
2.7 38.1 0.3 0.3 5 5 2019-01-01 2019-07-02
3.3 38.1 0.3 0.3 5 6 2019-01-01 2019-07-02
3.9 38.1 0.3 0.3 5 7 2019-01-01 2019-07-02
4.5 38.1 0.3 0.3 5 8 2019-01-01 2019-07-02
5.1 38.1 0.3 0.3 5 9 2019-01-01 2019-07-02
5.7 38.1 0.3 0.3 5 10 2019-01-01 2019-07-02
6.3 38.1 0.3 0.3 5 11 2019-01-01 2019-07-02
6.9 38.1 0.3 0.3 5 12 2019-01-01 2019-07-02
7.5 38.1 0.3 0.3 5 13 2019-01-01 2019-07-02
8.1 38.1 0.3 0.3 5 14 2019-01-01 2019-07-02
8.7 38.1 0.3 0.3 5 15 2019-01-01 2019-07-02
9.3 38.1 0.3 0.3 5 16 2019-01-01 2019-07-02
9.9 38.1 0.3 0.3 5 17 2019-01-01 2019-07-02
10.5 38.1 0.3 0.3 4 18 2019-01-01 2019-07-02
11.1 38.1 0.3 0.3 4 19 2019-01-01 2019-07-02
11.7 38.1 0.3 0.3 4 20 2019-01-01 2019-07-02
12.3 38.1 0.3 0.3 4 21 2019-01-01 2019-07-02
12.9 38.1 0.3 0.3 4 22 2019-01-01 2019-07-02
13.5 38.1 0.3 0.3 4 23 2019-01-01 2019-07-02
14.1 38.1 0.3 0.3 4 24 2019-01-01 2019-07-02
14.7 38.1 0.3 0.3 4 25 2019-01-01 2019-07-02
15.3 38.1 0.3 0.3 4 26 2019-01-01 2019-07-02
15.9 38.1 0.3 0.3 4 27 2019-01-01 2019-07-02
16.5 38.1 0.3 0.3 4 28 2019-01-01 2019-07-02
17.1 38.1 0.3 0.3 4 29 2019-01-01 2019-07-02
17.7 38.1 0.3 0.3 4 30 2019-01-01 2019-07-02
18.3 38.1 0.3 0.3 4 31 2019-01-01 2019-07-02
18.9 38.1 0.3 0.3 4 32 2019-01-01 2019-07-02
0.3 37.5 0.3 0.3 4 33 2019-01-01 2019-07-02
0.9 37.5 0.3 0.3 4 34 2019-01-01 2019-07-02
1.5 37.5 0.3 0.3 4 35 2019-01-01 2019-07-02
2.1 37.5 0.3 0.3 4 36 2019-01-01 2019-07-02
2.7 37.5 0.3 0.3 4 37 2019-01-01 2019-07-02
3.3 37.5 0.3 0.3 4 38 2019-01-01 2019-07-02
3.9 37.5 0.3 0.3 4 39 2019-01-01 2019-07-02
4.5 37.5 0.3 0.3 4 40 2019-01-01 2019-07-02
5.1 37.5 0.3 0.3 4 41 2019-01-01 2019-07-02
5.7 37.5 0.3 0.3 4 42 2019-01-01 2019-07-02
6.3 37.5 0.3 0.3 4 43 2019-01-01 2019-07-02
6.9 37.5 0.3 0.3 4 44 2019-01-01 2019-07-02
7.5 37.5 0.3 0.3 4 45 2019-01-01 2019-07-02
8.1 37.5 0.3 0.3 4 46 2019-01-01 2019-07-02
8.7 37.5 0.3 0.3 4 47 2019-01-01 2019-07-02
9.3 37.5 0.3 0.3 4 48 2019-01-01 2019-07-02
9.9 37.5 0.3 0.3 4 49 2019-01-01 2019-07-02
10.5 37.5 0.3 0.3 4 50 2019-01-01 2019-07-02
11.1 37.5 0.3 0.3 4 51 2019-01-01 2019-07-02
11.7 37.5 0.3 0.3 4 52 2019-01-01 2019-07-02
12.3 37.5 0.3 0.3 4 53 2019-01-01 2019-07-02
12.9 37.5 0.3 0.3 4 54 2019-01-01 2019-07-02
13.5 37.5 0.3 0.3 4 55 2019-01-01 2019-07-02
14.1 37.5 0.3 0.3 4 56 2019-01-01 2019-07-02
14.7 37.5 0.3 0.3 4 57 2019-01-01 2019-07-02
15.3 37.5 0.3 0.3 4 58 2019-01-01 2019-07-02
15.9 37.5 0.3 0.3 4 59 2019-01-01 2019-07-02
16.5 37.5 0.3 0.3 4 60 2019-01-01 2019-07-02
17.1 37.5 0.3 0.3 4 61 2019-01-01 2019-07-02
17.7 37.5 0.3 0.3 4 62 2019-01-01 2019-07-02
18.3 37.5 0.3 0.3 4 63 2019-01-01 2019-07-02
18.9 37.5 0.3 0.3 4 64 2019-01-01 2019-07-02
0.3 36.9 0.3 0.3 4 65 2019-01-01 2019-07-02
0.9 36.9 0.3 0.3 4 66 2019-01-01 2019-07-02
1.5 36.9 0.3 0.3 3 67 2019-01-01 2019-07-02
2.1 36.9 0.3 0.3 3 68 2019-01-01 2019-07-02
2.7 36.9 0.3 0.3 3 69 2019-01-01 2019-07-02
3.3 36.9 0.3 0.3 3 70 2019-01-01 2019-07-02
3.9 36.9 0.3 0.3 3 71 2019-01-01 2019-07-02
4.5 36.9 0.3 0.3 3 72 2019-01-01 2019-07-02
5.1 36.9 0.3 0.3 3 73 2019-01-01 2019-07-02
5.7 36.9 0.3 0.3 3 74 2019-01-01 2019-07-02
6.3 36.9 0.3 0.3 3 75 2019-01-01 2019-07-02
6.9 36.9 0.3 0.3 3 76 2019-01-01 2019-07-02
7.5 36.9 0.3 0.3 3 77 2019-01-01 2019-07-02
8.1 36.9 0.3 0.3 3 78 2019-01-01 2019-07-02
8.7 36.9 0.3 0.3 3 79 2019-01-01 2019-07-02
9.3 36.9 0.3 0.3 3 80 2019-01-01 2019-07-02
9.9 36.9 0.3 0.3 3 81 2019-01-01 2019-07-02
10.5 36.9 0.3 0.3 3 82 2019-01-01 2019-07-02
11.1 36.9 0.3 0.3 3 83 2019-01-01 2019-07-02
11.7 36.9 0.3 0.3 3 84 2019-01-01 2019-07-02
12.3 36.9 0.3 0.3 3 85 2019-01-01 2019-07-02
12.9 36.9 0.3 0.3 2 86 2019-01-01 2019-07-02
13.5 36.9 0.3 0.3 2 87 2019-01-01 2019-07-02
0.3 33.3 0.3 0.3 5 1 2019-07-02 2019-12-31
0.9 33.3 0.3 0.3 5 2 2019-07-02 2019-12-31
1.5 33.3 0.3 0.3 5 3 2019-07-02 2019-12-31
2.1 33.3 0.3 0.3 5 4 2019-07-02 2019-12-31
2.7 33.3 0.3 0.3 5 5 2019-07-02 2019-12-31
3.3 33.3 0.3 0.3 5 6 2019-07-02 2019-12-31
3.9 33.3 0.3 0.3 5 7 2019-07-02 2019-12-31
4.5 33.3 0.3 0.3 5 8 2019-07-02 2019-12-31
5.1 33.3 0.3 0.3 5 9 2019-07-02 2019-12-31
5.7 33.3 0.3 0.3 5 10 2019-07-02 2019-12-31
6.3 33.3 0.3 0.3 5 11 2019-07-02 2019-12-31
6.9 33.3 0.3 0.3 5 12 2019-07-02 2019-12-31
7.5 33.3 0.3 0.3 5 13 2019-07-02 2019-12-31
8.1 33.3 0.3 0.3 5 14 2019-07-02 2019-12-31
8.7 33.3 0.3 0.3 5 15 2019-07-02 2019-12-31
9.3 33.3 0.3 0.3 5 16 2019-07-02 2019-12-31
9.9 33.3 0.3 0.3 5 17 2019-07-02 2019-12-31
10.5 33.3 0.3 0.3 4 18 2019-07-02 2019-12-31
11.1 33.3 0.3 0.3 4 19 2019-07-02 2019-12-31
11.7 33.3 0.3 0.3 4 20 2019-07-02 2019-12-31
12.3 33.3 0.3 0.3 4 21 2019-07-02 2019-12-31
12.9 33.3 0.3 0.3 4 22 2019-07-02 2019-12-31
13.5 33.3 0.3 0.3 4 23 2019-07-02 2019-12-31
14.1 33.3 0.3 0.3 4 24 2019-07-02 2019-12-31
14.7 33.3 0.3 0.3 4 25 2019-07-02 2019-12-31
15.3 33.3 0.3 0.3 4 26 2019-07-02 2019-12-31
15.9 33.3 0.3 0.3 4 27 2019-07-02 2019-12-31
16.5 33.3 0.3 0.3 4 28 2019-07-02 2019-12-31
17.1 33.3 0.3 0.3 4 29 2019-07-02 2019-12-31
17.7 33.3 0.3 0.3 4 30 2019-07-02 2019-12-31
18.3 33.3 0.3 0.3 4 31 2019-07-02 2019-12-31
18.9 33.3 0.3 0.3 4 32 2019-07-02 2019-12-31
0.3 32.7 0.3 0.3 4 33 2019-07-02 2019-12-31
0.9 32.7 0.3 0.3 4 34 2019-07-02 2019-12-31
1.5 32.7 0.3 0.3 4 35 2019-07-02 2019-12-31
2.1 32.7 0.3 0.3 4 36 2019-07-02 2019-12-31
2.7 32.7 0.3 0.3 4 37 2019-07-02 2019-12-31
3.3 32.7 0.3 0.3 4 38 2019-07-02 2019-12-31
3.9 32.7 0.3 0.3 4 39 2019-07-02 2019-12-31
4.5 32.7 0.3 0.3 4 40 2019-07-02 2019-12-31
5.1 32.7 0.3 0.3 4 41 2019-07-02 2019-12-31
5.7 32.7 0.3 0.3 4 42 2019-07-02 2019-12-31
6.3 32.7 0.3 0.3 4 43 2019-07-02 2019-12-31
6.9 32.7 0.3 0.3 4 44 2019-07-02 2019-12-31
7.5 32.7 0.3 0.3 4 45 2019-07-02 2019-12-31
8.1 32.7 0.3 0.3 4 46 2019-07-02 2019-12-31
8.7 32.7 0.3 0.3 4 47 2019-07-02 2019-12-31
9.3 32.7 0.3 0.3 4 48 2019-07-02 2019-12-31
9.9 32.7 0.3 0.3 4 49 2019-07-02 2019-12-31
10.5 32.7 0.3 0.3 4 50 2019-07-02 2019-12-31
11.1 32.7 0.3 0.3 4 51 2019-07-02 2019-12-31
11.7 32.7 0.3 0.3 4 52 2019-07-02 2019-12-31
12.3 32.7 0.3 0.3 4 53 2019-07-02 2019-12-31
12.9 32.7 0.3 0.3 4 54 2019-07-02 2019-12-31
13.5 32.7 0.3 0.3 4 55 2019-07-02 2019-12-31
14.1 32.7 0.3 0.3 4 56 2019-07-02 2019-12-31
14.7 32.7 0.3 0.3 4 57 2019-07-02 2019-12-31
15.3 32.7 0.3 0.3 4 58 2019-07-02 2019-12-31
15.9 32.7 0.3 0.3 4 59 2019-07-02 2019-12-31
16.5 32.7 0.3 0.3 4 60 2019-07-02 2019-12-31
17.1 32.7 0.3 0.3 4 61 2019-07-02 2019-12-31
17.7 32.7 0.3 0.3 4 62 2019-07-02 2019-12-31
18.3 32.7 0.3 0.3 4 63 2019-07-02 2019-12-31
18.9 32.7 0.3 0.3 4 64 2019-07-02 2019-12-31
0.3 32.1 0.3 0.3 4 65 2019-07-02 2019-12-31
0.9 32.1 0.3 0.3 4 66 2019-07-02 2019-12-31
1.5 32.1 0.3 0.3 3 67 2019-07-02 2019-12-31
2.1 32.1 0.3 0.3 3 68 2019-07-02 2019-12-31
2.7 32.1 0.3 0.3 3 69 2019-07-02 2019-12-31
3.3 32.1 0.3 0.3 3 70 2019-07-02 2019-12-31
3.9 32.1 0.3 0.3 3 71 2019-07-02 2019-12-31
4.5 32.1 0.3 0.3 3 72 2019-07-02 2019-12-31
5.1 32.1 0.3 0.3 3 73 2019-07-02 2019-12-31
5.7 32.1 0.3 0.3 3 74 2019-07-02 2019-12-31
6.3 32.1 0.3 0.3 3 75 2019-07-02 2019-12-31
6.9 32.1 0.3 0.3 3 76 2019-07-02 2019-12-31
7.5 32.1 0.3 0.3 3 77 2019-07-02 2019-12-31
8.1 32.1 0.3 0.3 3 78 2019-07-02 2019-12-31
8.7 32.1 0.3 0.3 3 79 2019-07-02 2019-12-31
9.3 32.1 0.3 0.3 3 80 2019-07-02 2019-12-31
9.9 32.1 0.3 0.3 3 81 2019-07-02 2019-12-31
10.5 32.1 0.3 0.3 3 82 2019-07-02 2019-12-31
11.1 32.1 0.3 0.3 3 83 2019-07-02 2019-12-31
11.7 32.1 0.3 0.3 3 84 2019-07-02 2019-12-31
12.3 32.1 0.3 0.3 3 85 2019-07-02 2019-12-31
12.9 32.1 0.3 0.3 3 86 2019-07-02 2019-12-31
13.5 32.1 0.3 0.3 2 87 2019-07-02 2019-12-31
14.1 32.1 0.3 0.3 2 88 2019-07-02 2019-12-31
14.7 32.1 0.3 0.3 2 89 2019-07-02 2019-12-31
0.3 28.5 0.3 0.3 5 1 2019-12-31 2020-06-30
0.9 28.5 0.3 0.3 5 2 2019-12-31 2020-06-30
1.5 28.5 0.3 0.3 5 3 2019-12-31 2020-06-30
2.1 28.5 0.3 0.3 5 4 2019-12-31 2020-06-30
2.7 28.5 0.3 0.3 5 5 2019-12-31 2020-06-30
3.3 28.5 0.3 0.3 5 6 2019-12-31 2020-06-30
3.9 28.5 0.3 0.3 5 7 2019-12-31 2020-06-30
4.5 28.5 0.3 0.3 5 8 2019-12-31 2020-06-30
5.1 28.5 0.3 0.3 5 9 2019-12-31 2020-06-30
5.7 28.5 0.3 0.3 5 10 2019-12-31 2020-06-30
6.3 28.5 0.3 0.3 5 11 2019-12-31 2020-06-30
6.9 28.5 0.3 0.3 5 12 2019-12-31 2020-06-30
7.5 28.5 0.3 0.3 5 13 2019-12-31 2020-06-30
8.1 28.5 0.3 0.3 5 14 2019-12-31 2020-06-30
8.7 28.5 0.3 0.3 5 15 2019-12-31 2020-06-30
9.3 28.5 0.3 0.3 5 16 2019-12-31 2020-06-30
9.9 28.5 0.3 0.3 5 17 2019-12-31 2020-06-30
10.5 28.5 0.3 0.3 4 18 2019-12-31 2020-06-30
11.1 28.5 0.3 0.3 4 19 2019-12-31 2020-06-30
11.7 28.5 0.3 0.3 4 20 2019-12-31 2020-06-30
12.3 28.5 0.3 0.3 4 21 2019-12-31 2020-06-30
12.9 28.5 0.3 0.3 4 22 2019-12-31 2020-06-30
13.5 28.5 0.3 0.3 4 23 2019-12-31 2020-06-30
14.1 28.5 0.3 0.3 4 24 2019-12-31 2020-06-30
14.7 28.5 0.3 0.3 4 25 2019-12-31 2020-06-30
15.3 28.5 0.3 0.3 4 26 2019-12-31 2020-06-30
15.9 28.5 0.3 0.3 4 27 2019-12-31 2020-06-30
16.5 28.5 0.3 0.3 4 28 2019-12-31 2020-06-30
17.1 28.5 0.3 0.3 4 29 2019-12-31 2020-06-30
17.7 28.5 0.3 0.3 4 30 2019-12-31 2020-06-30
18.3 28.5 0.3 0.3 4 31 2019-12-31 2020-06-30
18.9 28.5 0.3 0.3 4 32 2019-12-31 2020-06-30
0.3 27.9 0.3 0.3 4 33 2019-12-31 2020-06-30
0.9 27.9 0.3 0.3 4 34 2019-12-31 2020-06-30
1.5 27.9 0.3 0.3 4 35 2019-12-31 2020-06-30
2.1 27.9 0.3 0.3 4 36 2019-12-31 2020-06-30
2.7 27.9 0.3 0.3 4 37 2019-12-31 2020-06-30
3.3 27.9 0.3 0.3 4 38 2019-12-31 2020-06-30
3.9 27.9 0.3 0.3 4 39 2019-12-31 2020-06-30
4.5 27.9 0.3 0.3 4 40 2019-12-31 2020-06-30
5.1 27.9 0.3 0.3 4 41 2019-12-31 2020-06-30
5.7 27.9 0.3 0.3 4 42 2019-12-31 2020-06-30
6.3 27.9 0.3 0.3 4 43 2019-12-31 2020-06-30
6.9 27.9 0.3 0.3 4 44 2019-12-31 2020-06-30
7.5 27.9 0.3 0.3 4 45 2019-12-31 2020-06-30
8.1 27.9 0.3 0.3 4 46 2019-12-31 2020-06-30
8.7 27.9 0.3 0.3 4 47 2019-12-31 2020-06-30
9.3 27.9 0.3 0.3 4 48 2019-12-31 2020-06-30
9.9 27.9 0.3 0.3 4 49 2019-12-31 2020-06-30
10.5 27.9 0.3 0.3 4 50 2019-12-31 2020-06-30
11.1 27.9 0.3 0.3 4 51 2019-12-31 2020-06-30
11.7 27.9 0.3 0.3 4 52 2019-12-31 2020-06-30
12.3 27.9 0.3 0.3 4 53 2019-12-31 2020-06-30
12.9 27.9 0.3 0.3 4 54 2019-12-31 2020-06-30
13.5 27.9 0.3 0.3 4 55 2019-12-31 2020-06-30
14.1 27.9 0.3 0.3 4 56 2019-12-31 2020-06-30
14.7 27.9 0.3 0.3 4 57 2019-12-31 2020-06-30
15.3 27.9 0.3 0.3 4 58 2019-12-31 2020-06-30
15.9 27.9 0.3 0.3 4 59 2019-12-31 2020-06-30
16.5 27.9 0.3 0.3 4 60 2019-12-31 2020-06-30
17.1 27.9 0.3 0.3 4 61 2019-12-31 2020-06-30
17.7 27.9 0.3 0.3 4 62 2019-12-31 2020-06-30
18.3 27.9 0.3 0.3 4 63 2019-12-31 2020-06-30
18.9 27.9 0.3 0.3 4 64 2019-12-31 2020-06-30
0.3 27.3 0.3 0.3 4 65 2019-12-31 2020-06-30
0.9 27.3 0.3 0.3 4 66 2019-12-31 2020-06-30
1.5 27.3 0.3 0.3 3 67 2019-12-31 2020-06-30
2.1 27.3 0.3 0.3 3 68 2019-12-31 2020-06-30
2.7 27.3 0.3 0.3 3 69 2019-12-31 2020-06-30
3.3 27.3 0.3 0.3 3 70 2019-12-31 2020-06-30
3.9 27.3 0.3 0.3 3 71 2019-12-31 2020-06-30
4.5 27.3 0.3 0.3 3 72 2019-12-31 2020-06-30
5.1 27.3 0.3 0.3 3 73 2019-12-31 2020-06-30
5.7 27.3 0.3 0.3 3 74 2019-12-31 2020-06-30
6.3 27.3 0.3 0.3 3 75 2019-12-31 2020-06-30
6.9 27.3 0.3 0.3 3 76 2019-12-31 2020-06-30
7.5 27.3 0.3 0.3 3 77 2019-12-31 2020-06-30
8.1 27.3 0.3 0.3 3 78 2019-12-31 2020-06-30
8.7 27.3 0.3 0.3 3 79 2019-12-31 2020-06-30
9.3 27.3 0.3 0.3 3 80 2019-12-31 2020-06-30
9.9 27.3 0.3 0.3 3 81 2019-12-31 2020-06-30
10.5 27.3 0.3 0.3 3 82 2019-12-31 2020-06-30
11.1 27.3 0.3 0.3 3 83 2019-12-31 2020-06-30
11.7 27.3 0.3 0.3 3 84 2019-12-31 2020-06-30
12.3 27.3 0.3 0.3 3 85 2019-12-31 2020-06-30
12.9 27.3 0.3 0.3 3 86 2019-12-31 2020-06-30
13.5 27.3 0.3 0.3 2 87 2019-12-31 2020-06-30
14.1 27.3 0.3 0.3 2 88 2019-12-31 2020-06-30
14.7 27.3 0.3 0.3 2 89 2019-12-31 2020-06-30
15.3 27.3 0.3 0.3 2 90 2019-12-31 2020-06-30
0.3 23.7 0.3 0.3 5 1 2020-06-30 2020-12-29
0.9 23.7 0.3 0.3 5 2 2020-06-30 2020-12-29
1.5 23.7 0.3 0.3 5 3 2020-06-30 2020-12-29
2.1 23.7 0.3 0.3 5 4 2020-06-30 2020-12-29
2.7 23.7 0.3 0.3 5 5 2020-06-30 2020-12-29
3.3 23.7 0.3 0.3 5 6 2020-06-30 2020-12-29
3.9 23.7 0.3 0.3 5 7 2020-06-30 2020-12-29
4.5 23.7 0.3 0.3 5 8 2020-06-30 2020-12-29
5.1 23.7 0.3 0.3 5 9 2020-06-30 2020-12-29
5.7 23.7 0.3 0.3 5 10 2020-06-30 2020-12-29
6.3 23.7 0.3 0.3 5 11 2020-06-30 2020-12-29
6.9 23.7 0.3 0.3 5 12 2020-06-30 2020-12-29
7.5 23.7 0.3 0.3 5 13 2020-06-30 2020-12-29
8.1 23.7 0.3 0.3 5 14 2020-06-30 2020-12-29
8.7 23.7 0.3 0.3 5 15 2020-06-30 2020-12-29
9.3 23.7 0.3 0.3 5 16 2020-06-30 2020-12-29
9.9 23.7 0.3 0.3 5 17 2020-06-30 2020-12-29
10.5 23.7 0.3 0.3 4 18 2020-06-30 2020-12-29
11.1 23.7 0.3 0.3 4 19 2020-06-30 2020-12-29
11.7 23.7 0.3 0.3 4 20 2020-06-30 2020-12-29
12.3 23.7 0.3 0.3 4 21 2020-06-30 2020-12-29
12.9 23.7 0.3 0.3 4 22 2020-06-30 2020-12-29
13.5 23.7 0.3 0.3 4 23 2020-06-30 2020-12-29
14.1 23.7 0.3 0.3 4 24 2020-06-30 2020-12-29
14.7 23.7 0.3 0.3 4 25 2020-06-30 2020-12-29
15.3 23.7 0.3 0.3 4 26 2020-06-30 2020-12-29
15.9 23.7 0.3 0.3 4 27 2020-06-30 2020-12-29
16.5 23.7 0.3 0.3 4 28 2020-06-30 2020-12-29
17.1 23.7 0.3 0.3 4 29 2020-06-30 2020-12-29
17.7 23.7 0.3 0.3 4 30 2020-06-30 2020-12-29
18.3 23.7 0.3 0.3 4 31 2020-06-30 2020-12-29
18.9 23.7 0.3 0.3 4 32 2020-06-30 2020-12-29
0.3 23.1 0.3 0.3 4 33 2020-06-30 2020-12-29
0.9 23.1 0.3 0.3 4 34 2020-06-30 2020-12-29
1.5 23.1 0.3 0.3 4 35 2020-06-30 2020-12-29
2.1 23.1 0.3 0.3 4 36 2020-06-30 2020-12-29
2.7 23.1 0.3 0.3 4 37 2020-06-30 2020-12-29
3.3 23.1 0.3 0.3 4 38 2020-06-30 2020-12-29
3.9 23.1 0.3 0.3 4 39 2020-06-30 2020-12-29
4.5 23.1 0.3 0.3 4 40 2020-06-30 2020-12-29
5.1 23.1 0.3 0.3 4 41 2020-06-30 2020-12-29
5.7 23.1 0.3 0.3 4 42 2020-06-30 2020-12-29
6.3 23.1 0.3 0.3 4 43 2020-06-30 2020-12-29
6.9 23.1 0.3 0.3 4 44 2020-06-30 2020-12-29
7.5 23.1 0.3 0.3 4 45 2020-06-30 2020-12-29
8.1 23.1 0.3 0.3 4 46 2020-06-30 2020-12-29
8.7 23.1 0.3 0.3 4 47 2020-06-30 2020-12-29
9.3 23.1 0.3 0.3 4 48 2020-06-30 2020-12-29
9.9 23.1 0.3 0.3 4 49 2020-06-30 2020-12-29
10.5 23.1 0.3 0.3 4 50 2020-06-30 2020-12-29
11.1 23.1 0.3 0.3 4 51 2020-06-30 2020-12-29
11.7 23.1 0.3 0.3 4 52 2020-06-30 2020-12-29
12.3 23.1 0.3 0.3 4 53 2020-06-30 2020-12-29
12.9 23.1 0.3 0.3 4 54 2020-06-30 2020-12-29
13.5 23.1 0.3 0.3 4 55 2020-06-30 2020-12-29
14.1 23.1 0.3 0.3 4 56 2020-06-30 2020-12-29
14.7 23.1 0.3 0.3 4 57 2020-06-30 2020-12-29
15.3 23.1 0.3 0.3 4 58 2020-06-30 2020-12-29
15.9 23.1 0.3 0.3 4 59 2020-06-30 2020-12-29
16.5 23.1 0.3 0.3 4 60 2020-06-30 2020-12-29
17.1 23.1 0.3 0.3 4 61 2020-06-30 2020-12-29
17.7 23.1 0.3 0.3 4 62 2020-06-30 2020-12-29
18.3 23.1 0.3 0.3 4 63 2020-06-30 2020-12-29
18.9 23.1 0.3 0.3 4 64 2020-06-30 2020-12-29
0.3 22.5 0.3 0.3 4 65 2020-06-30 2020-12-29
0.9 22.5 0.3 0.3 4 66 2020-06-30 2020-12-29
1.5 22.5 0.3 0.3 3 67 2020-06-30 2020-12-29
2.1 22.5 0.3 0.3 3 68 2020-06-30 2020-12-29
2.7 22.5 0.3 0.3 3 69 2020-06-30 2020-12-29
3.3 22.5 0.3 0.3 3 70 2020-06-30 2020-12-29
3.9 22.5 0.3 0.3 3 71 2020-06-30 2020-12-29
4.5 22.5 0.3 0.3 3 72 2020-06-30 2020-12-29
5.1 22.5 0.3 0.3 3 73 2020-06-30 2020-12-29
5.7 22.5 0.3 0.3 3 74 2020-06-30 2020-12-29
6.3 22.5 0.3 0.3 3 75 2020-06-30 2020-12-29
6.9 22.5 0.3 0.3 3 76 2020-06-30 2020-12-29
7.5 22.5 0.3 0.3 3 77 2020-06-30 2020-12-29
8.1 22.5 0.3 0.3 3 78 2020-06-30 2020-12-29
8.7 22.5 0.3 0.3 3 79 2020-06-30 2020-12-29
9.3 22.5 0.3 0.3 3 80 2020-06-30 2020-12-29
9.9 22.5 0.3 0.3 3 81 2020-06-30 2020-12-29
10.5 22.5 0.3 0.3 3 82 2020-06-30 2020-12-29
11.1 22.5 0.3 0.3 3 83 2020-06-30 2020-12-29
11.7 22.5 0.3 0.3 3 84 2020-06-30 2020-12-29
12.3 22.5 0.3 0.3 3 85 2020-06-30 2020-12-29
12.9 22.5 0.3 0.3 3 86 2020-06-30 2020-12-29
13.5 22.5 0.3 0.3 2 87 2020-06-30 2020-12-29
14.1 22.5 0.3 0.3 2 88 2020-06-30 2020-12-29
14.7 22.5 0.3 0.3 2 89 2020-06-30 2020-12-29
15.3 22.5 0.3 0.3 2 90 2020-06-30 2020-12-29
0.3 18.9 0.3 0.3 5 1 2020-12-29 2021-06-29
0.9 18.9 0.3 0.3 5 2 2020-12-29 2021-06-29
1.5 18.9 0.3 0.3 5 3 2020-12-29 2021-06-29
2.1 18.9 0.3 0.3 5 4 2020-12-29 2021-06-29
2.7 18.9 0.3 0.3 5 5 2020-12-29 2021-06-29
3.3 18.9 0.3 0.3 5 6 2020-12-29 2021-06-29
3.9 18.9 0.3 0.3 5 7 2020-12-29 2021-06-29
4.5 18.9 0.3 0.3 5 8 2020-12-29 2021-06-29
5.1 18.9 0.3 0.3 5 9 2020-12-29 2021-06-29
5.7 18.9 0.3 0.3 5 10 2020-12-29 2021-06-29
6.3 18.9 0.3 0.3 5 11 2020-12-29 2021-06-29
6.9 18.9 0.3 0.3 5 12 2020-12-29 2021-06-29
7.5 18.9 0.3 0.3 5 13 2020-12-29 2021-06-29
8.1 18.9 0.3 0.3 5 14 2020-12-29 2021-06-29
8.7 18.9 0.3 0.3 5 15 2020-12-29 2021-06-29
9.3 18.9 0.3 0.3 5 16 2020-12-29 2021-06-29
9.9 18.9 0.3 0.3 5 17 2020-12-29 2021-06-29
10.5 18.9 0.3 0.3 4 18 2020-12-29 2021-06-29
11.1 18.9 0.3 0.3 4 19 2020-12-29 2021-06-29
11.7 18.9 0.3 0.3 4 20 2020-12-29 2021-06-29
12.3 18.9 0.3 0.3 4 21 2020-12-29 2021-06-29
12.9 18.9 0.3 0.3 4 22 2020-12-29 2021-06-29
13.5 18.9 0.3 0.3 4 23 2020-12-29 2021-06-29
14.1 18.9 0.3 0.3 4 24 2020-12-29 2021-06-29
14.7 18.9 0.3 0.3 4 25 2020-12-29 2021-06-29
15.3 18.9 0.3 0.3 4 26 2020-12-29 2021-06-29
15.9 18.9 0.3 0.3 4 27 2020-12-29 2021-06-29
16.5 18.9 0.3 0.3 4 28 2020-12-29 2021-06-29
17.1 18.9 0.3 0.3 4 29 2020-12-29 2021-06-29
17.7 18.9 0.3 0.3 4 30 2020-12-29 2021-06-29
18.3 18.9 0.3 0.3 4 31 2020-12-29 2021-06-29
18.9 18.9 0.3 0.3 4 32 2020-12-29 2021-06-29
0.3 18.3 0.3 0.3 4 33 2020-12-29 2021-06-29
0.9 18.3 0.3 0.3 4 34 2020-12-29 2021-06-29
1.5 18.3 0.3 0.3 4 35 2020-12-29 2021-06-29
2.1 18.3 0.3 0.3 4 36 2020-12-29 2021-06-29
2.7 18.3 0.3 0.3 4 37 2020-12-29 2021-06-29
3.3 18.3 0.3 0.3 4 38 2020-12-29 2021-06-29
3.9 18.3 0.3 0.3 4 39 2020-12-29 2021-06-29
4.5 18.3 0.3 0.3 4 40 2020-12-29 2021-06-29
5.1 18.3 0.3 0.3 4 41 2020-12-29 2021-06-29
5.7 18.3 0.3 0.3 4 42 2020-12-29 2021-06-29
6.3 18.3 0.3 0.3 4 43 2020-12-29 2021-06-29
6.9 18.3 0.3 0.3 4 44 2020-12-29 2021-06-29
7.5 18.3 0.3 0.3 4 45 2020-12-29 2021-06-29
8.1 18.3 0.3 0.3 4 46 2020-12-29 2021-06-29
8.7 18.3 0.3 0.3 4 47 2020-12-29 2021-06-29
9.3 18.3 0.3 0.3 4 48 2020-12-29 2021-06-29
9.9 18.3 0.3 0.3 4 49 2020-12-29 2021-06-29
10.5 18.3 0.3 0.3 4 50 2020-12-29 2021-06-29
11.1 18.3 0.3 0.3 4 51 2020-12-29 2021-06-29
11.7 18.3 0.3 0.3 4 52 2020-12-29 2021-06-29
12.3 18.3 0.3 0.3 4 53 2020-12-29 2021-06-29
12.9 18.3 0.3 0.3 4 54 2020-12-29 2021-06-29
13.5 18.3 0.3 0.3 4 55 2020-12-29 2021-06-29
14.1 18.3 0.3 0.3 4 56 2020-12-29 2021-06-29
14.7 18.3 0.3 0.3 4 57 2020-12-29 2021-06-29
15.3 18.3 0.3 0.3 4 58 2020-12-29 2021-06-29
15.9 18.3 0.3 0.3 4 59 2020-12-29 2021-06-29
16.5 18.3 0.3 0.3 4 60 2020-12-29 2021-06-29
17.1 18.3 0.3 0.3 4 61 2020-12-29 2021-06-29
17.7 18.3 0.3 0.3 4 62 2020-12-29 2021-06-29
18.3 18.3 0.3 0.3 4 63 2020-12-29 2021-06-29
18.9 18.3 0.3 0.3 4 64 2020-12-29 2021-06-29
0.3 17.7 0.3 0.3 4 65 2020-12-29 2021-06-29
0.9 17.7 0.3 0.3 4 66 2020-12-29 2021-06-29
1.5 17.7 0.3 0.3 3 67 2020-12-29 2021-06-29
2.1 17.7 0.3 0.3 3 68 2020-12-29 2021-06-29
2.7 17.7 0.3 0.3 3 69 2020-12-29 2021-06-29
3.3 17.7 0.3 0.3 3 70 2020-12-29 2021-06-29
3.9 17.7 0.3 0.3 3 71 2020-12-29 2021-06-29
4.5 17.7 0.3 0.3 3 72 2020-12-29 2021-06-29
5.1 17.7 0.3 0.3 3 73 2020-12-29 2021-06-29
5.7 17.7 0.3 0.3 3 74 2020-12-29 2021-06-29
6.3 17.7 0.3 0.3 3 75 2020-12-29 2021-06-29
6.9 17.7 0.3 0.3 3 76 2020-12-29 2021-06-29
7.5 17.7 0.3 0.3 3 77 2020-12-29 2021-06-29
8.1 17.7 0.3 0.3 3 78 2020-12-29 2021-06-29
8.7 17.7 0.3 0.3 3 79 2020-12-29 2021-06-29
9.3 17.7 0.3 0.3 3 80 2020-12-29 2021-06-29
9.9 17.7 0.3 0.3 3 81 2020-12-29 2021-06-29
10.5 17.7 0.3 0.3 3 82 2020-12-29 2021-06-29
11.1 17.7 0.3 0.3 3 83 2020-12-29 2021-06-29
11.7 17.7 0.3 0.3 3 84 2020-12-29 2021-06-29
12.3 17.7 0.3 0.3 3 85 2020-12-29 2021-06-29
12.9 17.7 0.3 0.3 3 86 2020-12-29 2021-06-29
13.5 17.7 0.3 0.3 2 87 2020-12-29 2021-06-29
14.1 17.7 0.3 0.3 2 88 2020-12-29 2021-06-29
14.7 17.7 0.3 0.3 2 89 2020-12-29 2021-06-29
15.3 17.7 0.3 0.3 2 90 2020-12-29 2021-06-29
0.3 14.1 0.3 0.3 5 1 2021-06-29 2021-12-28
0.9 14.1 0.3 0.3 5 2 2021-06-29 2021-12-28
1.5 14.1 0.3 0.3 5 3 2021-06-29 2021-12-28
2.1 14.1 0.3 0.3 5 4 2021-06-29 2021-12-28
2.7 14.1 0.3 0.3 5 5 2021-06-29 2021-12-28
3.3 14.1 0.3 0.3 5 6 2021-06-29 2021-12-28
3.9 14.1 0.3 0.3 5 7 2021-06-29 2021-12-28
4.5 14.1 0.3 0.3 5 8 2021-06-29 2021-12-28
5.1 14.1 0.3 0.3 5 9 2021-06-29 2021-12-28
5.7 14.1 0.3 0.3 5 10 2021-06-29 2021-12-28
6.3 14.1 0.3 0.3 5 11 2021-06-29 2021-12-28
6.9 14.1 0.3 0.3 5 12 2021-06-29 2021-12-28
7.5 14.1 0.3 0.3 5 13 2021-06-29 2021-12-28
8.1 14.1 0.3 0.3 5 14 2021-06-29 2021-12-28
8.7 14.1 0.3 0.3 5 15 2021-06-29 2021-12-28
9.3 14.1 0.3 0.3 5 16 2021-06-29 2021-12-28
9.9 14.1 0.3 0.3 5 17 2021-06-29 2021-12-28
10.5 14.1 0.3 0.3 4 18 2021-06-29 2021-12-28
11.1 14.1 0.3 0.3 4 19 2021-06-29 2021-12-28
11.7 14.1 0.3 0.3 4 20 2021-06-29 2021-12-28
12.3 14.1 0.3 0.3 4 21 2021-06-29 2021-12-28
12.9 14.1 0.3 0.3 4 22 2021-06-29 2021-12-28
13.5 14.1 0.3 0.3 4 23 2021-06-29 2021-12-28
14.1 14.1 0.3 0.3 4 24 2021-06-29 2021-12-28
14.7 14.1 0.3 0.3 4 25 2021-06-29 2021-12-28
15.3 14.1 0.3 0.3 4 26 2021-06-29 2021-12-28
15.9 14.1 0.3 0.3 4 27 2021-06-29 2021-12-28
16.5 14.1 0.3 0.3 4 28 2021-06-29 2021-12-28
17.1 14.1 0.3 0.3 4 29 2021-06-29 2021-12-28
17.7 14.1 0.3 0.3 4 30 2021-06-29 2021-12-28
18.3 14.1 0.3 0.3 4 31 2021-06-29 2021-12-28
18.9 14.1 0.3 0.3 4 32 2021-06-29 2021-12-28
0.3 13.5 0.3 0.3 4 33 2021-06-29 2021-12-28
0.9 13.5 0.3 0.3 4 34 2021-06-29 2021-12-28
1.5 13.5 0.3 0.3 4 35 2021-06-29 2021-12-28
2.1 13.5 0.3 0.3 4 36 2021-06-29 2021-12-28
2.7 13.5 0.3 0.3 4 37 2021-06-29 2021-12-28
3.3 13.5 0.3 0.3 4 38 2021-06-29 2021-12-28
3.9 13.5 0.3 0.3 4 39 2021-06-29 2021-12-28
4.5 13.5 0.3 0.3 4 40 2021-06-29 2021-12-28
5.1 13.5 0.3 0.3 4 41 2021-06-29 2021-12-28
5.7 13.5 0.3 0.3 4 42 2021-06-29 2021-12-28
6.3 13.5 0.3 0.3 4 43 2021-06-29 2021-12-28
6.9 13.5 0.3 0.3 4 44 2021-06-29 2021-12-28
7.5 13.5 0.3 0.3 4 45 2021-06-29 2021-12-28
8.1 13.5 0.3 0.3 4 46 2021-06-29 2021-12-28
8.7 13.5 0.3 0.3 4 47 2021-06-29 2021-12-28
9.3 13.5 0.3 0.3 4 48 2021-06-29 2021-12-28
9.9 13.5 0.3 0.3 4 49 2021-06-29 2021-12-28
10.5 13.5 0.3 0.3 4 50 2021-06-29 2021-12-28
11.1 13.5 0.3 0.3 4 51 2021-06-29 2021-12-28
11.7 13.5 0.3 0.3 4 52 2021-06-29 2021-12-28
12.3 13.5 0.3 0.3 4 53 2021-06-29 2021-12-28
12.9 13.5 0.3 0.3 4 54 2021-06-29 2021-12-28
13.5 13.5 0.3 0.3 4 55 2021-06-29 2021-12-28
14.1 13.5 0.3 0.3 4 56 2021-06-29 2021-12-28
14.7 13.5 0.3 0.3 4 57 2021-06-29 2021-12-28
15.3 13.5 0.3 0.3 4 58 2021-06-29 2021-12-28
15.9 13.5 0.3 0.3 4 59 2021-06-29 2021-12-28
16.5 13.5 0.3 0.3 4 60 2021-06-29 2021-12-28
17.1 13.5 0.3 0.3 4 61 2021-06-29 2021-12-28
17.7 13.5 0.3 0.3 4 62 2021-06-29 2021-12-28
18.3 13.5 0.3 0.3 4 63 2021-06-29 2021-12-28
18.9 13.5 0.3 0.3 4 64 2021-06-29 2021-12-28
0.3 12.9 0.3 0.3 4 65 2021-06-29 2021-12-28
0.9 12.9 0.3 0.3 4 66 2021-06-29 2021-12-28
1.5 12.9 0.3 0.3 3 67 2021-06-29 2021-12-28
2.1 12.9 0.3 0.3 3 68 2021-06-29 2021-12-28
2.7 12.9 0.3 0.3 3 69 2021-06-29 2021-12-28
3.3 12.9 0.3 0.3 3 70 2021-06-29 2021-12-28
3.9 12.9 0.3 0.3 3 71 2021-06-29 2021-12-28
4.5 12.9 0.3 0.3 3 72 2021-06-29 2021-12-28
5.1 12.9 0.3 0.3 3 73 2021-06-29 2021-12-28
5.7 12.9 0.3 0.3 3 74 2021-06-29 2021-12-28
6.3 12.9 0.3 0.3 3 75 2021-06-29 2021-12-28
6.9 12.9 0.3 0.3 3 76 2021-06-29 2021-12-28
7.5 12.9 0.3 0.3 3 77 2021-06-29 2021-12-28
8.1 12.9 0.3 0.3 3 78 2021-06-29 2021-12-28
8.7 12.9 0.3 0.3 3 79 2021-06-29 2021-12-28
9.3 12.9 0.3 0.3 3 80 2021-06-29 2021-12-28
9.9 12.9 0.3 0.3 3 81 2021-06-29 2021-12-28
10.5 12.9 0.3 0.3 3 82 2021-06-29 2021-12-28
11.1 12.9 0.3 0.3 3 83 2021-06-29 2021-12-28
11.7 12.9 0.3 0.3 3 84 2021-06-29 2021-12-28
12.3 12.9 0.3 0.3 3 85 2021-06-29 2021-12-28
12.9 12.9 0.3 0.3 3 86 2021-06-29 2021-12-28
13.5 12.9 0.3 0.3 3 87 2021-06-29 2021-12-28
14.1 12.9 0.3 0.3 3 88 2021-06-29 2021-12-28
14.7 12.9 0.3 0.3 2 89 2021-06-29 2021-12-28
15.3 12.9 0.3 0.3 2 90 2021-06-29 2021-12-28
0.3 9.3 0.3 0.3 5 1 2021-12-28 2022-06-28
0.9 9.3 0.3 0.3 5 2 2021-12-28 2022-06-28
1.5 9.3 0.3 0.3 5 3 2021-12-28 2022-06-28
2.1 9.3 0.3 0.3 5 4 2021-12-28 2022-06-28
2.7 9.3 0.3 0.3 5 5 2021-12-28 2022-06-28
3.3 9.3 0.3 0.3 5 6 2021-12-28 2022-06-28
3.9 9.3 0.3 0.3 5 7 2021-12-28 2022-06-28
4.5 9.3 0.3 0.3 5 8 2021-12-28 2022-06-28
5.1 9.3 0.3 0.3 5 9 2021-12-28 2022-06-28
5.7 9.3 0.3 0.3 5 10 2021-12-28 2022-06-28
6.3 9.3 0.3 0.3 5 11 2021-12-28 2022-06-28
6.9 9.3 0.3 0.3 5 12 2021-12-28 2022-06-28
7.5 9.3 0.3 0.3 5 13 2021-12-28 2022-06-28
8.1 9.3 0.3 0.3 5 14 2021-12-28 2022-06-28
8.7 9.3 0.3 0.3 5 15 2021-12-28 2022-06-28
9.3 9.3 0.3 0.3 5 16 2021-12-28 2022-06-28
9.9 9.3 0.3 0.3 5 17 2021-12-28 2022-06-28
10.5 9.3 0.3 0.3 4 18 2021-12-28 2022-06-28
11.1 9.3 0.3 0.3 4 19 2021-12-28 2022-06-28
11.7 9.3 0.3 0.3 4 20 2021-12-28 2022-06-28
12.3 9.3 0.3 0.3 4 21 2021-12-28 2022-06-28
12.9 9.3 0.3 0.3 4 22 2021-12-28 2022-06-28
13.5 9.3 0.3 0.3 4 23 2021-12-28 2022-06-28
14.1 9.3 0.3 0.3 4 24 2021-12-28 2022-06-28
14.7 9.3 0.3 0.3 4 25 2021-12-28 2022-06-28
15.3 9.3 0.3 0.3 4 26 2021-12-28 2022-06-28
15.9 9.3 0.3 0.3 4 27 2021-12-28 2022-06-28
16.5 9.3 0.3 0.3 4 28 2021-12-28 2022-06-28
17.1 9.3 0.3 0.3 4 29 2021-12-28 2022-06-28
17.7 9.3 0.3 0.3 4 30 2021-12-28 2022-06-28
18.3 9.3 0.3 0.3 4 31 2021-12-28 2022-06-28
18.9 9.3 0.3 0.3 4 32 2021-12-28 2022-06-28
0.3 8.7 0.3 0.3 4 33 2021-12-28 2022-06-28
0.9 8.7 0.3 0.3 4 34 2021-12-28 2022-06-28
1.5 8.7 0.3 0.3 4 35 2021-12-28 2022-06-28
2.1 8.7 0.3 0.3 4 36 2021-12-28 2022-06-28
2.7 8.7 0.3 0.3 4 37 2021-12-28 2022-06-28
3.3 8.7 0.3 0.3 4 38 2021-12-28 2022-06-28
3.9 8.7 0.3 0.3 4 39 2021-12-28 2022-06-28
4.5 8.7 0.3 0.3 4 40 2021-12-28 2022-06-28
5.1 8.7 0.3 0.3 4 41 2021-12-28 2022-06-28
5.7 8.7 0.3 0.3 4 42 2021-12-28 2022-06-28
6.3 8.7 0.3 0.3 4 43 2021-12-28 2022-06-28
6.9 8.7 0.3 0.3 4 44 2021-12-28 2022-06-28
7.5 8.7 0.3 0.3 4 45 2021-12-28 2022-06-28
8.1 8.7 0.3 0.3 4 46 2021-12-28 2022-06-28
8.7 8.7 0.3 0.3 4 47 2021-12-28 2022-06-28
9.3 8.7 0.3 0.3 4 48 2021-12-28 2022-06-28
9.9 8.7 0.3 0.3 4 49 2021-12-28 2022-06-28
10.5 8.7 0.3 0.3 4 50 2021-12-28 2022-06-28
11.1 8.7 0.3 0.3 4 51 2021-12-28 2022-06-28
11.7 8.7 0.3 0.3 4 52 2021-12-28 2022-06-28
12.3 8.7 0.3 0.3 4 53 2021-12-28 2022-06-28
12.9 8.7 0.3 0.3 4 54 2021-12-28 2022-06-28
13.5 8.7 0.3 0.3 4 55 2021-12-28 2022-06-28
14.1 8.7 0.3 0.3 4 56 2021-12-28 2022-06-28
14.7 8.7 0.3 0.3 4 57 2021-12-28 2022-06-28
15.3 8.7 0.3 0.3 4 58 2021-12-28 2022-06-28
15.9 8.7 0.3 0.3 4 59 2021-12-28 2022-06-28
16.5 8.7 0.3 0.3 4 60 2021-12-28 2022-06-28
17.1 8.7 0.3 0.3 4 61 2021-12-28 2022-06-28
17.7 8.7 0.3 0.3 4 62 2021-12-28 2022-06-28
18.3 8.7 0.3 0.3 4 63 2021-12-28 2022-06-28
18.9 8.7 0.3 0.3 4 64 2021-12-28 2022-06-28
0.3 8.1 0.3 0.3 4 65 2021-12-28 2022-06-28
0.9 8.1 0.3 0.3 4 66 2021-12-28 2022-06-28
1.5 8.1 0.3 0.3 3 67 2021-12-28 2022-06-28
2.1 8.1 0.3 0.3 3 68 2021-12-28 2022-06-28
2.7 8.1 0.3 0.3 3 69 2021-12-28 2022-06-28
3.3 8.1 0.3 0.3 3 70 2021-12-28 2022-06-28
3.9 8.1 0.3 0.3 3 71 2021-12-28 2022-06-28
4.5 8.1 0.3 0.3 3 72 2021-12-28 2022-06-28
5.1 8.1 0.3 0.3 3 73 2021-12-28 2022-06-28
5.7 8.1 0.3 0.3 3 74 2021-12-28 2022-06-28
6.3 8.1 0.3 0.3 3 75 2021-12-28 2022-06-28
6.9 8.1 0.3 0.3 3 76 2021-12-28 2022-06-28
7.5 8.1 0.3 0.3 3 77 2021-12-28 2022-06-28
8.1 8.1 0.3 0.3 3 78 2021-12-28 2022-06-28
8.7 8.1 0.3 0.3 3 79 2021-12-28 2022-06-28
9.3 8.1 0.3 0.3 3 80 2021-12-28 2022-06-28
9.9 8.1 0.3 0.3 3 81 2021-12-28 2022-06-28
10.5 8.1 0.3 0.3 3 82 2021-12-28 2022-06-28
11.1 8.1 0.3 0.3 3 83 2021-12-28 2022-06-28
11.7 8.1 0.3 0.3 3 84 2021-12-28 2022-06-28
12.3 8.1 0.3 0.3 3 85 2021-12-28 2022-06-28
12.9 8.1 0.3 0.3 3 86 2021-12-28 2022-06-28
13.5 8.1 0.3 0.3 3 87 2021-12-28 2022-06-28
14.1 8.1 0.3 0.3 3 88 2021-12-28 2022-06-28
14.7 8.1 0.3 0.3 2 89 2021-12-28 2022-06-28
15.3 8.1 0.3 0.3 2 90 2021-12-28 2022-06-28
0.3 4.5 0.3 0.3 5 1 2022-06-28 2022-12-27
0.9 4.5 0.3 0.3 5 2 2022-06-28 2022-12-27
1.5 4.5 0.3 0.3 5 3 2022-06-28 2022-12-27
2.1 4.5 0.3 0.3 5 4 2022-06-28 2022-12-27
2.7 4.5 0.3 0.3 5 5 2022-06-28 2022-12-27
3.3 4.5 0.3 0.3 5 6 2022-06-28 2022-12-27
3.9 4.5 0.3 0.3 5 7 2022-06-28 2022-12-27
4.5 4.5 0.3 0.3 5 8 2022-06-28 2022-12-27
5.1 4.5 0.3 0.3 5 9 2022-06-28 2022-12-27
5.7 4.5 0.3 0.3 5 10 2022-06-28 2022-12-27
6.3 4.5 0.3 0.3 5 11 2022-06-28 2022-12-27
6.9 4.5 0.3 0.3 5 12 2022-06-28 2022-12-27
7.5 4.5 0.3 0.3 5 13 2022-06-28 2022-12-27
8.1 4.5 0.3 0.3 5 14 2022-06-28 2022-12-27
8.7 4.5 0.3 0.3 5 15 2022-06-28 2022-12-27
9.3 4.5 0.3 0.3 5 16 2022-06-28 2022-12-27
9.9 4.5 0.3 0.3 5 17 2022-06-28 2022-12-27
10.5 4.5 0.3 0.3 4 18 2022-06-28 2022-12-27
11.1 4.5 0.3 0.3 4 19 2022-06-28 2022-12-27
11.7 4.5 0.3 0.3 4 20 2022-06-28 2022-12-27
12.3 4.5 0.3 0.3 4 21 2022-06-28 2022-12-27
12.9 4.5 0.3 0.3 4 22 2022-06-28 2022-12-27
13.5 4.5 0.3 0.3 4 23 2022-06-28 2022-12-27
14.1 4.5 0.3 0.3 4 24 2022-06-28 2022-12-27
14.7 4.5 0.3 0.3 4 25 2022-06-28 2022-12-27
15.3 4.5 0.3 0.3 4 26 2022-06-28 2022-12-27
15.9 4.5 0.3 0.3 4 27 2022-06-28 2022-12-27
16.5 4.5 0.3 0.3 4 28 2022-06-28 2022-12-27
17.1 4.5 0.3 0.3 4 29 2022-06-28 2022-12-27
17.7 4.5 0.3 0.3 4 30 2022-06-28 2022-12-27
18.3 4.5 0.3 0.3 4 31 2022-06-28 2022-12-27
18.9 4.5 0.3 0.3 4 32 2022-06-28 2022-12-27
0.3 3.9 0.3 0.3 4 33 2022-06-28 2022-12-27
0.9 3.9 0.3 0.3 4 34 2022-06-28 2022-12-27
1.5 3.9 0.3 0.3 4 35 2022-06-28 2022-12-27
2.1 3.9 0.3 0.3 4 36 2022-06-28 2022-12-27
2.7 3.9 0.3 0.3 4 37 2022-06-28 2022-12-27
3.3 3.9 0.3 0.3 4 38 2022-06-28 2022-12-27
3.9 3.9 0.3 0.3 4 39 2022-06-28 2022-12-27
4.5 3.9 0.3 0.3 4 40 2022-06-28 2022-12-27
5.1 3.9 0.3 0.3 4 41 2022-06-28 2022-12-27
5.7 3.9 0.3 0.3 4 42 2022-06-28 2022-12-27
6.3 3.9 0.3 0.3 4 43 2022-06-28 2022-12-27
6.9 3.9 0.3 0.3 4 44 2022-06-28 2022-12-27
7.5 3.9 0.3 0.3 4 45 2022-06-28 2022-12-27
8.1 3.9 0.3 0.3 4 46 2022-06-28 2022-12-27
8.7 3.9 0.3 0.3 4 47 2022-06-28 2022-12-27
9.3 3.9 0.3 0.3 4 48 2022-06-28 2022-12-27
9.9 3.9 0.3 0.3 4 49 2022-06-28 2022-12-27
10.5 3.9 0.3 0.3 4 50 2022-06-28 2022-12-27
11.1 3.9 0.3 0.3 4 51 2022-06-28 2022-12-27
11.7 3.9 0.3 0.3 4 52 2022-06-28 2022-12-27
12.3 3.9 0.3 0.3 4 53 2022-06-28 2022-12-27
12.9 3.9 0.3 0.3 4 54 2022-06-28 2022-12-27
13.5 3.9 0.3 0.3 4 55 2022-06-28 2022-12-27
14.1 3.9 0.3 0.3 4 56 2022-06-28 2022-12-27
14.7 3.9 0.3 0.3 4 57 2022-06-28 2022-12-27
15.3 3.9 0.3 0.3 4 58 2022-06-28 2022-12-27
15.9 3.9 0.3 0.3 4 59 2022-06-28 2022-12-27
16.5 3.9 0.3 0.3 4 60 2022-06-28 2022-12-27
17.1 3.9 0.3 0.3 4 61 2022-06-28 2022-12-27
17.7 3.9 0.3 0.3 4 62 2022-06-28 2022-12-27
18.3 3.9 0.3 0.3 4 63 2022-06-28 2022-12-27
18.9 3.9 0.3 0.3 4 64 2022-06-28 2022-12-27
0.3 3.3 0.3 0.3 4 65 2022-06-28 2022-12-27
0.9 3.3 0.3 0.3 3 66 2022-06-28 2022-12-27
1.5 3.3 0.3 0.3 3 67 2022-06-28 2022-12-27
2.1 3.3 0.3 0.3 3 68 2022-06-28 2022-12-27
2.7 3.3 0.3 0.3 3 69 2022-06-28 2022-12-27
3.3 3.3 0.3 0.3 3 70 2022-06-28 2022-12-27
3.9 3.3 0.3 0.3 3 71 2022-06-28 2022-12-27
4.5 3.3 0.3 0.3 3 72 2022-06-28 2022-12-27
5.1 3.3 0.3 0.3 3 73 2022-06-28 2022-12-27
5.7 3.3 0.3 0.3 3 74 2022-06-28 2022-12-27
6.3 3.3 0.3 0.3 3 75 2022-06-28 2022-12-27
6.9 3.3 0.3 0.3 3 76 2022-06-28 2022-12-27
7.5 3.3 0.3 0.3 3 77 2022-06-28 2022-12-27
8.1 3.3 0.3 0.3 3 78 2022-06-28 2022-12-27
8.7 3.3 0.3 0.3 3 79 2022-06-28 2022-12-27
9.3 3.3 0.3 0.3 3 80 2022-06-28 2022-12-27
9.9 3.3 0.3 0.3 3 81 2022-06-28 2022-12-27
10.5 3.3 0.3 0.3 3 82 2022-06-28 2022-12-27
11.1 3.3 0.3 0.3 3 83 2022-06-28 2022-12-27
11.7 3.3 0.3 0.3 3 84 2022-06-28 2022-12-27
12.3 3.3 0.3 0.3 3 85 2022-06-28 2022-12-27
12.9 3.3 0.3 0.3 3 86 2022-06-28 2022-12-27
13.5 3.3 0.3 0.3 3 87 2022-06-28 2022-12-27
14.1 3.3 0.3 0.3 2 88 2022-06-28 2022-12-27
14.7 3.3 0.3 0.3 2 89 2022-06-28 2022-12-27
15.3 3.3 0.3 0.3 2 90 2022-06-28 2022-12-27
