0.42857143 0.16666667 "+" 4
0.2 0.05405405 "+" 4
0.38709677 0.0569395 "+" 4
0.66666667 0 "+" 4
0 0.33333333 "+" 4
1 0.03571429 "+" 4
0.15 0.03896104 "+" 4
0 0.16666667 "+" 4
0.66666667 0.07142857 "+" 4
1 0.13888889 "+" 4
0.36363636 0.02531646 "+" 4
0 0.06060606 "+" 4
0.22580645 0.06165703 "+" 4
0.09090909 0.23076923 "+" 4
0.4 0.11320755 "+" 4
0.28571429 0.03703704 "+" 4
0.51515152 0.0565371 "+" 4
0.36363636 0.02439024 "+" 4
0.66666667 0.03 "+" 4
0.33333333 0 "+" 4
0.35555556 0.14285714 "+" 4
0.1875 0.05741627 "+" 4
0.11111111 0.11111111 "+" 4
0 0 "+" 4
0.14285714 0 "+" 4
0.14285714 0.08695652 "+" 4
0.28571429 0.0990991 "+" 4
0.33333333 0.04040404 "+" 4
0 0 "+" 4
0.75 0 "+" 4
1 0 "+" 4
0 0 "+" 4
0 0.01265823 "o" 3
0.21052632 0.05333333 "++" 5
0.2 0.046875 "+" 4
0.14285714 0.0952381 "+" 4
0 0.00925926 "+" 4
0.25 0.0952381 "o" 3
0.6 0 "+" 4
0 0.03703704 "++" 5
0.75 0 "o" 3
0.375 0 "+" 4
0.33333333 0.01980198 "+" 4
0 0 "+" 4
0 0.02702703 "+" 4
0.42857143 0.02209945 "+" 4
0 0 "o" 3
0.5 0 "+" 4
0.375 0.05607477 "+" 4
0.10526316 0.04680851 "o" 3
1 0.08695652 "+" 4
0 0.03921569 "+" 4
0 0 "o" 3
1 0 "+" 4
0 0 "+" 4
1 0 "+" 4
0.66666667 0 "+" 4
1 0 "+" 4
0 0.33333333 "+" 4
0 0 "+" 4
0.13333333 0.01650943 "+" 4
0.29473684 0.08267196 "+" 4
0.23809524 0.10429448 "+" 4
0.27480916 0.13464236 "+" 4
0.04878049 0.03752759 "o" 3
0.32692308 0.13253012 "+" 4
0 0 "+" 4
0.37634409 0.10410095 "+" 4
0.30769231 0.09366391 "+" 4
0.125 0.12014134 "o" 3
0.2195122 0.11910112 "+" 4
0.14285714 0.11695906 "+" 4
0 0.01680672 "+" 4
0.3 0.09459459 "+" 4
0.15384615 0.0569395 "+" 4
0.3 0.04210526 "o" 3
0.25 0.02857143 "+" 4
0 0 "+" 4
0.28125 0.09480122 "+" 4
0.5 0.02898551 "+" 4
0.125 0.04477612 "+" 4
0.32 0.10326087 "+" 4
0.42857143 0.0472973 "+" 4
0.28571429 0.01 "+" 4
0.22580645 0.04320988 "+" 4
0.5 0.01526718 "+" 4
0.04 0.01098901 "+" 4
0.6 0 "+" 4
0.08 0.03581267 "+" 4
0.25 0.0060241 "+" 4
